3 0.33046875 0.3125 0.005859375 0.025390625
2 0.4421875 0.35625 0.011328125 0.033203125
3 0.49375 0.393359375 0.008203125 0.033203125
2 0.629296875 0.4328125 0.008984375 0.0359375
1 0.911328125 0.422265625 0.012109375 0.0390625
2 0.632421875 0.5234375 0.008984375 0.041796875
2 0.651953125 0.437109375 0.009765625 0.0390625
2 0.634765625 0.38671875 0.009765625 0.028515625
2 0.51328125 0.4125 0.008984375 0.034375
2 0.665234375 0.4046875 0.008984375 0.033203125
2 0.611328125 0.416015625 0.008203125 0.034375
2 0.5375 0.3875 0.007421875 0.032421875
2 0.498046875 0.459375 0.0125 0.0390625
2 0.68671875 0.625390625 0.012890625 0.052734375
2 0.8453125 0.653515625 0.0125 0.05
2 0.621484375 0.470703125 0.008203125 0.037890625
2 0.436328125 0.635546875 0.011328125 0.052734375
2 0.41484375 0.54296875 0.012890625 0.03984375
2 0.712109375 0.487890625 0.0125 0.04453125
1 0.153515625 0.484375 0.008203125 0.040625
2 0.254296875 0.434375 0.008984375 0.03515625
3 0.833203125 0.676171875 0.014453125 0.05546875
2 0.7796875 0.592578125 0.011328125 0.0390625
2 0.437109375 0.504296875 0.0109375 0.0453125
2 0.63203125 0.366796875 0.009375 0.035546875
0 0.343359375 0.612890625 0.00703125 0.0125