2 0.533203125 0.219921875 0.012890625 0.03046875
3 0.225390625 0.21015625 0.009375 0.0484375
2 0.674609375 0.234375 0.019140625 0.051953125
2 0.66015625 0.230859375 0.015234375 0.047265625
2 0.484765625 0.26796875 0.0125 0.0546875
3 0.546875 0.305078125 0.017578125 0.058203125
2 0.243359375 0.270703125 0.0140625 0.058203125
2 0.573828125 0.307421875 0.015234375 0.05546875
2 0.35625 0.61953125 0.017578125 0.090625
2 0.378515625 0.30234375 0.013671875 0.062109375
2 0.1953125 0.381640625 0.016796875 0.068359375
2 0.344921875 0.36796875 0.013671875 0.067578125
2 0.441796875 0.38984375 0.016015625 0.066796875
2 0.776171875 0.3609375 0.016796875 0.068359375
2 0.372265625 0.4875 0.013671875 0.075
2 0.7921875 0.327734375 0.013671875 0.068359375
2 0.619140625 0.405078125 0.019921875 0.06953125
2 0.8203125 0.4265625 0.01875 0.071484375
2 0.872265625 0.6828125 0.020703125 0.08984375
2 0.557421875 0.64921875 0.0234375 0.083203125
2 0.890234375 0.582421875 0.017578125 0.081640625
0 0.487109375 0.228515625 0.0046875 0.010546875
2 0.48671875 0.210546875 0.013671875 0.047265625