3 0.705078125 0.274609375 0.008984375 0.028515625
0 0.530078125 0.6703125 0.00625 0.0109375
2 0.566015625 0.627734375 0.028125 0.05546875
2 0.837890625 0.655078125 0.022265625 0.071484375
2 0.390625 0.383203125 0.009375 0.048046875
2 0.509765625 0.3890625 0.010546875 0.048046875
2 0.70078125 0.618359375 0.012890625 0.068359375
2 0.6265625 0.676953125 0.015625 0.0609375
2 0.347265625 0.37734375 0.0140625 0.047265625
2 0.751953125 0.4921875 0.0109375 0.056640625
3 0.673046875 0.47578125 0.012890625 0.057421875
2 0.641796875 0.6671875 0.021484375 0.075
2 0.683203125 0.3765625 0.015234375 0.047265625
3 0.03046875 0.741015625 0.022265625 0.078515625
2 0.357421875 0.53828125 0.016796875 0.056640625
2 0.79296875 0.607421875 0.018359375 0.0703125
2 0.681640625 0.630859375 0.023046875 0.065625
2 0.712109375 0.659375 0.015625 0.062890625
2 0.463671875 0.481640625 0.012890625 0.053515625
2 0.28125 0.416796875 0.014453125 0.053515625
2 0.115234375 0.600390625 0.014453125 0.073046875
2 0.6203125 0.523046875 0.014453125 0.062890625
2 0.458203125 0.625 0.016796875 0.062890625
2 0.55078125 0.29140625 0.009765625 0.04140625