3 0.584375 0.256640625 0.008203125 0.029296875
2 0.769921875 0.41328125 0.016015625 0.058203125
2 0.83125 0.478515625 0.01640625 0.041015625
2 0.524609375 0.37734375 0.012109375 0.041796875
1 0.846875 0.379296875 0.015625 0.04140625
2 0.686328125 0.371484375 0.016796875 0.0390625
2 0.513671875 0.330859375 0.0140625 0.03984375
2 0.671875 0.412109375 0.0125 0.046484375
3 0.668359375 0.462890625 0.009375 0.051953125
2 0.403515625 0.368359375 0.012890625 0.053515625
2 0.784375 0.440625 0.0125 0.048046875
2 0.141015625 0.471484375 0.012109375 0.051953125
2 0.526953125 0.48515625 0.010546875 0.05546875
2 0.170703125 0.428515625 0.012109375 0.051953125
3 0.062890625 0.8171875 0.016796875 0.084375
2 0.605859375 0.428125 0.0140625 0.043359375
2 0.494140625 0.426953125 0.016796875 0.05
2 0.209765625 0.48515625 0.0109375 0.053515625
2 0.38984375 0.575 0.0140625 0.059375
2 0.415234375 0.46953125 0.0171875 0.053515625
2 0.250390625 0.472265625 0.015234375 0.053515625
2 0.19140625 0.590234375 0.015234375 0.067578125
0 0.820703125 0.49921875 0.005078125 0.008984375
2 0.831640625 0.469140625 0.0234375 0.04140625