3 0.6078125 0.243359375 0.010546875 0.031640625
0 0.879296875 0.505078125 0.005859375 0.01015625
2 0.49921875 0.38984375 0.018359375 0.04453125
2 0.81171875 0.420703125 0.018359375 0.0546875
2 0.140234375 0.45546875 0.013671875 0.059375
2 0.833984375 0.470703125 0.024609375 0.052734375
2 0.686328125 0.4078125 0.017578125 0.04921875
2 0.16328125 0.632421875 0.016015625 0.07421875
2 0.447265625 0.319140625 0.016015625 0.0359375
2 0.67109375 0.348046875 0.018359375 0.0390625
2 0.266015625 0.410546875 0.0140625 0.0546875
2 0.456640625 0.442578125 0.019140625 0.053515625
2 0.365234375 0.3546875 0.017578125 0.046484375
2 0.798828125 0.471484375 0.023828125 0.057421875
2 0.519140625 0.449609375 0.015625 0.05078125
3 0.633203125 0.4859375 0.023828125 0.05546875
2 0.317578125 0.4625 0.0125 0.056640625
2 0.444921875 0.515625 0.018359375 0.057421875
2 0.341796875 0.60546875 0.020703125 0.062890625
2 0.291015625 0.491015625 0.017578125 0.06015625
2 0.805859375 0.5515625 0.016796875 0.065625
2 0.825 0.568359375 0.020703125 0.06484375
2 0.335546875 0.533984375 0.022265625 0.056640625