2 0.583984375 0.237890625 0.0125 0.042578125
0 0.309765625 0.343359375 0.005859375 0.0109375
3 0.237890625 0.215234375 0.012890625 0.043359375
3 0.50546875 0.303515625 0.012890625 0.053515625
2 0.636328125 0.412109375 0.0125 0.0609375
2 0.609765625 0.316015625 0.0140625 0.056640625
2 0.558203125 0.317578125 0.0109375 0.05546875
2 0.336328125 0.3953125 0.013671875 0.0609375
2 0.613671875 0.391015625 0.0140625 0.04921875
2 0.799609375 0.3765625 0.015625 0.065625
2 0.29140625 0.278515625 0.012109375 0.048046875
2 0.521484375 0.3796875 0.009765625 0.059375
2 0.70390625 0.275 0.012109375 0.048046875
2 0.655859375 0.384765625 0.012890625 0.06015625
2 0.761328125 0.325390625 0.0125 0.058203125
2 0.1265625 0.396875 0.0125 0.0640625
2 0.434765625 0.416015625 0.018359375 0.0640625
2 0.2125 0.590625 0.01875 0.08515625
2 0.826953125 0.458203125 0.014453125 0.07578125
2 0.414453125 0.375 0.0203125 0.0609375
2 0.60390625 0.48671875 0.0171875 0.071484375
2 0.8828125 0.634765625 0.021875 0.08046875
2 0.57265625 0.70703125 0.019140625 0.087890625