2 0.399609375 0.2046875 0.009765625 0.04453125
3 0.700390625 0.191015625 0.011328125 0.037890625
2 0.525390625 0.225390625 0.0125 0.037890625
3 0.566796875 0.412890625 0.011328125 0.062890625
2 0.594921875 0.265234375 0.010546875 0.047265625
2 0.443359375 0.258203125 0.014453125 0.046484375
2 0.717578125 0.3 0.011328125 0.05546875
2 0.362890625 0.274609375 0.0109375 0.04921875
2 0.662109375 0.262109375 0.0140625 0.051953125
2 0.3265625 0.26484375 0.014453125 0.05546875
2 0.759765625 0.28515625 0.014453125 0.051953125
2 0.4546875 0.265234375 0.010546875 0.04921875
2 0.705078125 0.329296875 0.0125 0.0546875
2 0.332421875 0.319140625 0.012890625 0.05078125
2 0.58203125 0.3140625 0.0109375 0.05546875
2 0.754296875 0.35703125 0.015234375 0.056640625
2 0.819140625 0.525 0.0171875 0.0703125
2 0.171484375 0.287109375 0.015234375 0.053515625
2 0.748046875 0.43515625 0.012890625 0.066796875
2 0.270703125 0.5046875 0.016796875 0.068359375
2 0.815234375 0.714453125 0.0234375 0.091796875
2 0.5640625 0.391796875 0.009375 0.044140625