3 0.59296875 0.219921875 0.01171875 0.03671875
2 0.24140625 0.30546875 0.008984375 0.04453125
2 0.4140625 0.257421875 0.011328125 0.0390625
3 0.378125 0.328125 0.011328125 0.05078125
2 0.382421875 0.375390625 0.015625 0.052734375
2 0.252734375 0.328515625 0.010546875 0.051953125
2 0.5734375 0.315625 0.0125 0.048046875
2 0.233203125 0.375390625 0.011328125 0.058203125
2 0.416015625 0.403125 0.012109375 0.062109375
2 0.205078125 0.377734375 0.012890625 0.057421875
2 0.33984375 0.43671875 0.012109375 0.06015625
2 0.174609375 0.417578125 0.0109375 0.06484375
2 0.5078125 0.43828125 0.014453125 0.06015625
2 0.113671875 0.52421875 0.015234375 0.0703125
2 0.561328125 0.690625 0.016015625 0.07578125
2 0.655859375 0.437890625 0.012890625 0.0609375
2 0.490234375 0.549609375 0.014453125 0.071484375
1 0.932421875 0.452734375 0.009765625 0.0609375
2 0.10390625 0.62578125 0.016015625 0.0703125
2 0.56796875 0.507421875 0.0171875 0.066796875
2 0.418359375 0.69765625 0.023828125 0.0859375
2 0.340625 0.51953125 0.015625 0.0703125
2 0.221484375 0.659375 0.0203125 0.077734375