3 0.33359375 0.208984375 0.009765625 0.0359375
2 0.561328125 0.2171875 0.015625 0.03984375
3 0.58984375 0.309765625 0.009765625 0.056640625
2 0.691796875 0.267578125 0.009375 0.042578125
2 0.673046875 0.28828125 0.009375 0.05078125
2 0.52734375 0.303515625 0.009765625 0.048046875
2 0.4625 0.4359375 0.017578125 0.068359375
2 0.394140625 0.2921875 0.016796875 0.04921875
2 0.589453125 0.364453125 0.011328125 0.058203125
2 0.759375 0.350390625 0.014453125 0.058203125
2 0.48359375 0.355859375 0.012109375 0.058203125
2 0.454296875 0.496484375 0.015234375 0.07578125
2 0.435546875 0.387890625 0.012890625 0.06484375
2 0.72734375 0.314453125 0.012109375 0.0546875
2 0.848828125 0.635546875 0.0171875 0.076953125
2 0.8328125 0.603125 0.015625 0.073046875
2 0.49765625 0.6640625 0.018359375 0.077734375
2 0.846484375 0.46171875 0.015625 0.071484375
2 0.290625 0.39765625 0.014453125 0.062109375
2 0.46640625 0.63828125 0.015234375 0.087890625
2 0.648046875 0.4578125 0.015625 0.0640625
2 0.784765625 0.366015625 0.0125 0.062109375
0 0.408203125 0.312890625 0.005859375 0.013671875