3 0.3046875 0.194921875 0.010546875 0.034375
2 0.569921875 0.2328125 0.010546875 0.041796875
2 0.358203125 0.251953125 0.0109375 0.04453125
2 0.373828125 0.31171875 0.010546875 0.052734375
0 0.665234375 0.63671875 0.0078125 0.0140625
2 0.63828125 0.28046875 0.016015625 0.051953125
2 0.691015625 0.620703125 0.0234375 0.082421875
2 0.373046875 0.396875 0.012890625 0.04921875
2 0.577734375 0.3171875 0.012109375 0.0546875
2 0.455078125 0.295703125 0.012109375 0.052734375
2 0.302734375 0.543359375 0.01875 0.07578125
2 0.27421875 0.309765625 0.012109375 0.058203125
2 0.404296875 0.365625 0.013671875 0.059375
2 0.25390625 0.314453125 0.012890625 0.05078125
3 0.373046875 0.445703125 0.0140625 0.06953125
2 0.655859375 0.316015625 0.0125 0.058203125
2 0.227734375 0.3671875 0.012890625 0.0640625
2 0.62265625 0.384765625 0.012890625 0.065625
2 0.257421875 0.668359375 0.0265625 0.087109375
2 0.589453125 0.571484375 0.0234375 0.072265625
2 0.830078125 0.332421875 0.0140625 0.05546875
2 0.434765625 0.8015625 0.036328125 0.09921875
2 0.24765625 0.4796875 0.0140625 0.0703125