3 0.201171875 0.201953125 0.013671875 0.04453125
2 0.49765625 0.217578125 0.009765625 0.042578125
2 0.4515625 0.202734375 0.011328125 0.051953125
2 0.596484375 0.196875 0.012890625 0.04921875
2 0.42578125 0.266796875 0.0109375 0.051953125
3 0.56484375 0.295703125 0.015234375 0.058203125
2 0.5546875 0.294921875 0.0125 0.058203125
2 0.62578125 0.227734375 0.015234375 0.05
2 0.41015625 0.3328125 0.019140625 0.065625
2 0.237890625 0.2421875 0.016015625 0.052734375
2 0.781640625 0.369921875 0.013671875 0.06953125
2 0.345703125 0.285546875 0.012890625 0.058203125
2 0.819921875 0.40078125 0.019921875 0.072265625
2 0.19375 0.358203125 0.011328125 0.066796875
2 0.459765625 0.328125 0.015234375 0.065625
2 0.577734375 0.366015625 0.012890625 0.0640625
2 0.758984375 0.328125 0.014453125 0.065625
2 0.349609375 0.4421875 0.016796875 0.073046875
2 0.903125 0.555859375 0.019921875 0.078515625
2 0.604296875 0.54921875 0.01875 0.101953125
2 0.381640625 0.56796875 0.026953125 0.084375
2 0.923046875 0.630078125 0.021484375 0.0859375
0 0.343359375 0.31171875 0.00546875 0.0125