0 0.454296875 0.629296875 0.008984375 0.015625
3 0.639453125 0.189453125 0.009375 0.03984375
2 0.335546875 0.301953125 0.0171875 0.051953125
2 0.425390625 0.259765625 0.010546875 0.0453125
2 0.644140625 0.3625 0.017578125 0.047265625
2 0.361328125 0.39921875 0.013671875 0.06484375
2 0.66640625 0.280859375 0.012890625 0.047265625
2 0.4640625 0.607421875 0.023828125 0.083203125
2 0.359765625 0.4578125 0.015234375 0.071484375
2 0.694921875 0.3578125 0.013671875 0.062109375
2 0.569921875 0.7359375 0.024609375 0.083203125
2 0.561328125 0.337890625 0.015625 0.059375
2 0.605078125 0.75546875 0.025 0.090625
2 0.5453125 0.615234375 0.019921875 0.087890625
2 0.317578125 0.359765625 0.012890625 0.0640625
2 0.71484375 0.365625 0.015234375 0.062890625
2 0.108203125 0.392578125 0.015234375 0.062890625
3 0.62578125 0.471484375 0.016015625 0.072265625
2 0.491796875 0.426953125 0.016796875 0.068359375
2 0.589453125 0.496875 0.021875 0.06953125
2 0.154296875 0.671875 0.0234375 0.0953125
2 0.743359375 0.441015625 0.026953125 0.073046875
2 0.366796875 0.6515625 0.020703125 0.084375