2 0.244140625 0.453125 0.007421875 0.037890625
2 0.8640625 0.70703125 0.016796875 0.0359375
2 0.154296875 0.540234375 0.020703125 0.025
2 0.2328125 0.435546875 0.00625 0.037890625
2 0.2640625 0.466796875 0.009375 0.042578125
2 0.250390625 0.51953125 0.009375 0.040625
3 0.338671875 0.487109375 0.012109375 0.040625
2 0.39609375 0.520703125 0.009765625 0.04921875
2 0.793359375 0.540625 0.009375 0.04453125
2 0.372265625 0.5078125 0.009765625 0.043359375
2 0.777734375 0.5671875 0.009375 0.05078125
2 0.82890625 0.5421875 0.009765625 0.04921875
2 0.609375 0.441015625 0.009375 0.034375
2 0.837109375 0.6875 0.0171875 0.065625
2 0.480078125 0.553515625 0.010546875 0.048046875
2 0.665625 0.69765625 0.016796875 0.058203125
2 0.051171875 0.562109375 0.01328125 0.03984375
0 0.34921875 0.3984375 0.0046875 0.009765625
2 0.26875 0.437109375 0.008203125 0.033984375
2 0.23515625 0.453125 0.008203125 0.04375
1 0.253125 0.440234375 0.012890625 0.028125
2 0.408203125 0.444921875 0.0109375 0.035546875
2 0.46875 0.555078125 0.012109375 0.051953125
3 0.40546875 0.34375 0.007421875 0.031640625