2 0.6875 0.487109375 0.026953125 0.066796875
2 0.698046875 0.4921875 0.024609375 0.058203125
2 0.109765625 0.61015625 0.018359375 0.077734375
2 0.568359375 0.5484375 0.018359375 0.067578125
2 0.3296875 0.348046875 0.0125 0.046484375
2 0.23125 0.43515625 0.020703125 0.05546875
2 0.650390625 0.54296875 0.028515625 0.058203125
2 0.741015625 0.5890625 0.032421875 0.0609375
2 0.623828125 0.634765625 0.0171875 0.06953125
2 0.673828125 0.367578125 0.021484375 0.046484375
2 0.376171875 0.573046875 0.0171875 0.066796875
2 0.715234375 0.576953125 0.023046875 0.059375
2 0.134765625 0.63046875 0.0140625 0.077734375
2 0.634375 0.315234375 0.021875 0.041796875
2 0.152734375 0.457421875 0.013671875 0.062890625
2 0.233984375 0.499609375 0.0171875 0.067578125
2 0.558984375 0.4609375 0.020703125 0.059375
3 0.496484375 0.409375 0.018359375 0.048046875
2 0.395703125 0.5296875 0.021875 0.062890625
2 0.498828125 0.562109375 0.021875 0.0703125
2 0.220703125 0.675390625 0.025390625 0.067578125
3 0.59296875 0.211328125 0.01171875 0.030859375
0 0.74453125 0.60859375 0.007421875 0.01328125