1 0.99609375 0.382421875 0.0078125 0.03828125
2 0.587109375 0.340625 0.012890625 0.0296875
2 0.5078125 0.340625 0.010546875 0.037109375
2 0.65703125 0.332421875 0.009765625 0.0390625
2 0.232421875 0.415234375 0.009765625 0.041796875
2 0.28046875 0.362890625 0.012890625 0.037109375
3 0.471484375 0.39765625 0.008203125 0.03984375
2 0.422265625 0.41328125 0.009765625 0.0453125
2 0.387109375 0.40234375 0.012109375 0.047265625
2 0.654296875 0.4015625 0.012109375 0.04921875
2 0.222265625 0.63828125 0.016015625 0.065625
2 0.746484375 0.38828125 0.009765625 0.0453125
2 0.164453125 0.544921875 0.013671875 0.06015625
2 0.725 0.551953125 0.013671875 0.053515625
2 0.268359375 0.50234375 0.012890625 0.058203125
2 0.586328125 0.446875 0.012109375 0.0546875
2 0.197265625 0.455859375 0.0109375 0.0546875
2 0.555859375 0.441796875 0.0125 0.05
2 0.22109375 0.521484375 0.015234375 0.059375
2 0.863671875 0.502734375 0.021875 0.057421875
2 0.68515625 0.63828125 0.0171875 0.0640625
2 0.401953125 0.655859375 0.0265625 0.062109375
0 0.4390625 0.384375 0.00625 0.012109375
3 0.225390625 0.28515625 0.01171875 0.038671875