2 0.352734375 0.41484375 0.009765625 0.042578125
2 0.279296875 0.481640625 0.015234375 0.05
2 0.353515625 0.4515625 0.0125 0.05078125
2 0.565625 0.409375 0.013671875 0.046484375
2 0.59609375 0.4078125 0.012890625 0.0453125
2 0.679296875 0.58671875 0.0234375 0.056640625
3 0.551953125 0.429296875 0.012109375 0.04921875
2 0.608203125 0.512109375 0.011328125 0.05
3 0.051953125 0.837890625 0.03125 0.07421875
1 0.076171875 0.410546875 0.016796875 0.047265625
2 0.680078125 0.634375 0.01875 0.06484375
2 0.708984375 0.5015625 0.0125 0.0546875
2 0.525390625 0.544140625 0.014453125 0.056640625
2 0.312890625 0.56484375 0.012890625 0.0609375
2 0.269921875 0.5296875 0.015234375 0.059375
2 0.45390625 0.559765625 0.0140625 0.058203125
2 0.437890625 0.5609375 0.012890625 0.057421875
2 0.544140625 0.5609375 0.0203125 0.05546875
2 0.40703125 0.6109375 0.018359375 0.0609375
2 0.191796875 0.628515625 0.015625 0.05546875
2 0.591015625 0.63515625 0.020703125 0.06484375
2 0.565625 0.628515625 0.016796875 0.066796875
2 0.73359375 0.5703125 0.0171875 0.05546875
0 0.5328125 0.39140625 0.00625 0.01171875
3 0.6875 0.258984375 0.007421875 0.03046875