2 0.3125 0.487109375 0.026953125 0.066796875
2 0.301953125 0.4921875 0.024609375 0.058203125
2 0.890234375 0.61015625 0.018359375 0.077734375
2 0.431640625 0.5484375 0.018359375 0.067578125
2 0.6703125 0.348046875 0.0125 0.046484375
2 0.76875 0.43515625 0.020703125 0.05546875
2 0.349609375 0.54296875 0.028515625 0.058203125
2 0.258984375 0.5890625 0.032421875 0.0609375
2 0.376171875 0.634765625 0.0171875 0.06953125
2 0.326171875 0.367578125 0.021484375 0.046484375
2 0.623828125 0.573046875 0.0171875 0.066796875
2 0.284765625 0.576953125 0.023046875 0.059375
2 0.865234375 0.63046875 0.0140625 0.077734375
2 0.365625 0.315234375 0.021875 0.041796875
2 0.847265625 0.457421875 0.013671875 0.062890625
2 0.766015625 0.499609375 0.0171875 0.067578125
2 0.441015625 0.4609375 0.020703125 0.059375
3 0.503515625 0.409375 0.018359375 0.048046875
2 0.604296875 0.5296875 0.021875 0.062890625
2 0.501171875 0.562109375 0.021875 0.0703125
2 0.779296875 0.675390625 0.025390625 0.067578125
3 0.40703125 0.211328125 0.01171875 0.030859375
0 0.25546875 0.60859375 0.007421875 0.01328125