2 0.650390625 0.372265625 0.009765625 0.03515625
2 0.303515625 0.4015625 0.008984375 0.0359375
1 0.81171875 0.362109375 0.008984375 0.033203125
2 0.34453125 0.32734375 0.0078125 0.032421875
2 0.252734375 0.41171875 0.009765625 0.041796875
2 0.79375 0.371875 0.010546875 0.034375
2 0.259765625 0.4453125 0.009765625 0.046484375
2 0.50234375 0.40078125 0.008984375 0.033203125
2 0.398828125 0.368359375 0.006640625 0.033203125
2 0.6421875 0.371484375 0.008203125 0.037109375
2 0.483984375 0.470703125 0.011328125 0.043359375
2 0.683203125 0.4515625 0.008984375 0.0453125
2 0.532421875 0.74453125 0.0140625 0.0703125
3 0.50546875 0.431640625 0.0109375 0.042578125
2 0.381640625 0.478515625 0.010546875 0.04453125
2 0.285546875 0.365234375 0.010546875 0.0359375
2 0.471875 0.405078125 0.011328125 0.037890625
2 0.84375 0.5703125 0.014453125 0.057421875
2 0.236328125 0.499609375 0.012890625 0.052734375
2 0.783984375 0.5828125 0.012109375 0.0546875
2 0.280859375 0.612890625 0.013671875 0.059375
2 0.348046875 0.653125 0.016796875 0.0640625
0 0.728125 0.313671875 0.0078125 0.01328125
3 0.246484375 0.31640625 0.00859375 0.032421875