3 0.62421875 0.56953125 0.01015625 0.040625
2 0.716015625 0.46171875 0.008203125 0.0359375
2 0.351953125 0.43046875 0.006640625 0.033203125
2 0.63203125 0.606640625 0.009765625 0.051953125
2 0.618359375 0.4078125 0.00625 0.03046875
1 0.859765625 0.500390625 0.009375 0.03984375
2 0.722265625 0.476953125 0.008984375 0.040625
2 0.689453125 0.65 0.0203125 0.051953125
2 0.836328125 0.512109375 0.008203125 0.040625
2 0.316015625 0.4828125 0.008984375 0.043359375
2 0.567578125 0.50546875 0.009375 0.042578125
2 0.9203125 0.596875 0.009375 0.052734375
2 0.395703125 0.432421875 0.008984375 0.03515625
2 0.606640625 0.467578125 0.008984375 0.040625
2 0.501953125 0.51953125 0.008984375 0.040625
2 0.612890625 0.590625 0.016796875 0.05
2 0.812890625 0.73984375 0.0140625 0.06484375
2 0.326171875 0.598046875 0.011328125 0.051953125
2 0.688671875 0.54921875 0.009765625 0.04453125
2 0.762890625 0.625390625 0.012890625 0.05078125
3 0.277734375 0.945703125 0.0234375 0.078515625
2 0.54609375 0.592578125 0.012109375 0.053515625
2 0.541015625 0.716796875 0.020703125 0.0609375
0 0.849609375 0.512890625 0.0046875 0.008203125
3 0.680078125 0.36484375 0.00625 0.028515625