2 0.513671875 0.284765625 0.0125 0.052734375
2 0.18046875 0.278125 0.009765625 0.04921875
2 0.39765625 0.18671875 0.009765625 0.037890625
2 0.656640625 0.25 0.009765625 0.048046875
2 0.641015625 0.4265625 0.013671875 0.058203125
2 0.5046875 0.295703125 0.022265625 0.037890625
1 0.930859375 0.30234375 0.015625 0.04921875
2 0.208984375 0.2515625 0.009765625 0.04921875
2 0.733203125 0.316015625 0.011328125 0.05078125
2 0.61328125 0.325 0.012890625 0.051953125
2 0.634765625 0.37578125 0.016796875 0.05
2 0.435546875 0.441796875 0.013671875 0.0703125
2 0.169140625 0.296875 0.012109375 0.04921875
2 0.754296875 0.620703125 0.028515625 0.071484375
3 0.509375 0.40078125 0.015625 0.05546875
2 0.41640625 0.358984375 0.012109375 0.0546875
3 0.1328125 0.871484375 0.035546875 0.096484375
2 0.591796875 0.524609375 0.023828125 0.065625
2 0.69140625 0.4453125 0.024609375 0.062890625
2 0.625 0.608203125 0.0375 0.072265625
2 0.198046875 0.471875 0.018359375 0.071484375
2 0.233203125 0.493359375 0.01875 0.066796875
3 0.54140625 0.130078125 0.009765625 0.033984375
0 0.534765625 0.316796875 0.005859375 0.01171875
2 0.512890625 0.295703125 0.011328125 0.04296875