2 0.781640625 0.3796875 0.021484375 0.05390625
2 0.36953125 0.171484375 0.008984375 0.037109375
1 0.926953125 0.318359375 0.010546875 0.048046875
2 0.619140625 0.2453125 0.010546875 0.048046875
2 0.745703125 0.420703125 0.014453125 0.0546875
3 0.518359375 0.38828125 0.009765625 0.056640625
3 0.086328125 0.90078125 0.025 0.103515625
2 0.572265625 0.24921875 0.010546875 0.042578125
2 0.8921875 0.61171875 0.01875 0.073046875
2 0.15703125 0.312890625 0.0109375 0.053515625
2 0.106640625 0.36796875 0.009765625 0.062109375
2 0.512109375 0.28984375 0.015234375 0.048046875
2 0.805078125 0.325 0.016015625 0.05
2 0.778515625 0.41796875 0.0203125 0.052734375
2 0.755078125 0.4375 0.014453125 0.06015625
2 0.126953125 0.27421875 0.010546875 0.048046875
2 0.369921875 0.39765625 0.016015625 0.058203125
2 0.604296875 0.564453125 0.014453125 0.067578125
2 0.809375 0.58984375 0.026171875 0.066796875
2 0.214453125 0.556640625 0.015625 0.0796875
2 0.341796875 0.368359375 0.010546875 0.0609375
2 0.27265625 0.541015625 0.018359375 0.075
2 0.53671875 0.526953125 0.0234375 0.062890625
3 0.508203125 0.12890625 0.009375 0.03125
0 0.75078125 0.39765625 0.00546875 0.008984375