3 0.6890625 0.31484375 0.007421875 0.02578125
0 0.06875 0.7609375 0.010546875 0.01484375
2 0.4421875 0.366796875 0.007421875 0.033203125
2 0.601171875 0.405078125 0.008984375 0.0359375
2 0.487109375 0.3671875 0.006640625 0.03046875
2 0.107421875 0.781640625 0.020703125 0.048046875
2 0.512109375 0.483203125 0.0125 0.04453125
2 0.475390625 0.47578125 0.0125 0.042578125
2 0.815625 0.667578125 0.017578125 0.05546875
2 0.275 0.458203125 0.016796875 0.042578125
2 0.578125 0.80546875 0.013671875 0.062890625
3 0.48671875 0.523828125 0.012890625 0.046875
2 0.5828125 0.359765625 0.007421875 0.0359375
2 0.698046875 0.412890625 0.0109375 0.037109375
3 0.075 0.825 0.03203125 0.07421875
2 0.2921875 0.525 0.014453125 0.04453125
2 0.334375 0.423046875 0.013671875 0.042578125
2 0.729296875 0.490625 0.0140625 0.046484375
2 0.740234375 0.740625 0.012890625 0.0609375
2 0.692578125 0.608984375 0.016015625 0.052734375
2 0.129296875 0.7734375 0.023828125 0.075
2 0.821484375 0.625 0.015234375 0.059375
2 0.1921875 0.587109375 0.013671875 0.051953125
2 0.559765625 0.61328125 0.020703125 0.0546875