2 0.351171875 0.3078125 0.0078125 0.026953125
1 0.8546875 0.424609375 0.01484375 0.040234375
2 0.63125 0.366015625 0.008203125 0.0359375
2 0.293359375 0.441796875 0.008203125 0.040625
2 0.253125 0.375 0.007421875 0.037109375
2 0.261328125 0.43046875 0.009765625 0.040625
2 0.888671875 0.603125 0.022265625 0.052734375
2 0.669921875 0.73984375 0.012890625 0.06484375
2 0.57421875 0.36953125 0.008984375 0.03515625
3 0.387109375 0.47265625 0.009765625 0.047265625
2 0.709375 0.483984375 0.0125 0.04921875
2 0.81328125 0.616796875 0.018359375 0.048046875
2 0.7578125 0.48515625 0.009375 0.046484375
2 0.502734375 0.408984375 0.008203125 0.03984375
2 0.343359375 0.4375 0.0140625 0.03984375
2 0.603515625 0.51796875 0.021484375 0.0453125
2 0.248046875 0.464453125 0.0140625 0.047265625
2 0.3390625 0.641015625 0.013671875 0.0640625
2 0.272265625 0.6484375 0.016796875 0.065625
2 0.390625 0.580078125 0.014453125 0.058203125
2 0.582421875 0.518359375 0.015625 0.048046875
2 0.646484375 0.714453125 0.019921875 0.065625
3 0.201171875 0.858203125 0.024609375 0.077734375
3 0.56015625 0.27421875 0.008203125 0.025390625
0 0.903515625 0.619140625 0.00546875 0.01015625