2 0.416796875 0.414453125 0.006640625 0.041796875
2 0.480859375 0.343359375 0.0078125 0.033203125
2 0.218359375 0.360546875 0.014453125 0.037890625
3 0.0671875 0.979296875 0.021875 0.03984375
2 0.450390625 0.389453125 0.008984375 0.047265625
3 0.5921875 0.308203125 0.009375 0.037109375
2 0.452734375 0.348046875 0.0109375 0.0390625
2 0.610546875 0.341015625 0.0109375 0.037890625
2 0.518359375 0.36484375 0.010546875 0.046484375
2 0.20625 0.4140625 0.009375 0.053515625
2 0.501171875 0.376953125 0.0078125 0.046484375
2 0.811328125 0.359375 0.011328125 0.042578125
2 0.24609375 0.34765625 0.008984375 0.041796875
2 0.215234375 0.41796875 0.0125 0.0546875
2 0.422265625 0.426953125 0.011328125 0.057421875
1 0.882421875 0.358203125 0.01875 0.04453125
3 0.510546875 0.407421875 0.0125 0.05546875
2 0.18671875 0.48671875 0.012109375 0.065625
2 0.64140625 0.4453125 0.0109375 0.059375
2 0.71953125 0.393359375 0.018359375 0.053515625
2 0.20546875 0.591796875 0.0203125 0.081640625
2 0.7421875 0.4859375 0.014453125 0.068359375
2 0.232421875 0.526953125 0.019921875 0.07421875
2 0.345703125 0.729296875 0.025390625 0.097265625
0 0.661328125 0.0734375 0.004296875 0.008984375