2 0.59921875 0.353125 0.009765625 0.032421875
1 0.966796875 0.409375 0.016015625 0.05
2 0.3703125 0.347265625 0.009375 0.031640625
2 0.41953125 0.3390625 0.006640625 0.033203125
3 0.173046875 0.344921875 0.006640625 0.034375
2 0.399609375 0.387890625 0.008984375 0.046484375
2 0.5484375 0.379296875 0.008203125 0.041796875
2 0.507421875 0.400390625 0.009375 0.041796875
2 0.949609375 0.5109375 0.014453125 0.059375
2 0.602734375 0.41171875 0.010546875 0.047265625
2 0.493359375 0.479296875 0.010546875 0.056640625
2 0.765625 0.405859375 0.010546875 0.0453125
2 0.747265625 0.4140625 0.012109375 0.040625
2 0.47578125 0.467578125 0.009765625 0.051953125
2 0.162890625 0.446875 0.011328125 0.056640625
2 0.260546875 0.40078125 0.010546875 0.046484375
2 0.146484375 0.444921875 0.011328125 0.05078125
3 0.5171875 0.4296875 0.0125 0.048046875
2 0.644140625 0.517578125 0.021484375 0.0609375
2 0.18671875 0.51953125 0.012890625 0.0609375
2 0.3703125 0.545703125 0.015625 0.0640625
2 0.34375 0.641015625 0.023046875 0.067578125
2 0.80390625 0.8015625 0.025390625 0.1046875
0 0.851953125 0.487109375 0.00625 0.01328125