2 0.754296875 0.31171875 0.010546875 0.054296875
3 0.406640625 0.262890625 0.008984375 0.04453125
2 0.415625 0.31015625 0.009375 0.05
2 0.698046875 0.314453125 0.012109375 0.052734375
2 0.51796875 0.30078125 0.0140625 0.048046875
2 0.869140625 0.444921875 0.0171875 0.078515625
2 0.191015625 0.340625 0.012109375 0.05546875
2 0.389453125 0.31953125 0.012890625 0.059375
2 0.57265625 0.314453125 0.024609375 0.047265625
2 0.809765625 0.36171875 0.0140625 0.062109375
2 0.523828125 0.341015625 0.011328125 0.06015625
2 0.241015625 0.43046875 0.016015625 0.077734375
2 0.498046875 0.330859375 0.018359375 0.047265625
2 0.769140625 0.3640625 0.012890625 0.066796875
2 0.298046875 0.3578125 0.0125 0.067578125
3 0.48515625 0.390234375 0.012109375 0.067578125
2 0.505078125 0.383203125 0.014453125 0.06484375
2 0.637890625 0.379296875 0.014453125 0.065625
2 0.719140625 0.584765625 0.018359375 0.097265625
2 0.44765625 0.670703125 0.0203125 0.106640625
2 0.329296875 0.4171875 0.012890625 0.073046875
2 0.746484375 0.490625 0.0203125 0.090625
0 0.55703125 0.182421875 0.004296875 0.009765625