2 0.623046875 0.3703125 0.009765625 0.033203125
2 0.631640625 0.37421875 0.0078125 0.031640625
2 0.440625 0.362890625 0.010546875 0.027734375
2 0.41875 0.3625 0.016796875 0.03046875
2 0.5046875 0.391796875 0.0125 0.0375
2 0.3359375 0.38046875 0.0125 0.033203125
2 0.55234375 0.4484375 0.01328125 0.0515625
2 0.465234375 0.387890625 0.0109375 0.040625
2 0.48984375 0.405078125 0.0109375 0.041796875
2 0.837890625 0.604296875 0.019140625 0.067578125
1 0.0796875 0.40078125 0.008203125 0.042578125
2 0.76796875 0.47734375 0.012890625 0.052734375
2 0.732421875 0.421484375 0.008984375 0.04453125
2 0.290625 0.42578125 0.011328125 0.046484375
2 0.705859375 0.424609375 0.012890625 0.0453125
2 0.789453125 0.5296875 0.015625 0.062890625
2 0.38203125 0.48671875 0.0140625 0.0546875
2 0.228125 0.53515625 0.016796875 0.066796875
2 0.69375 0.740625 0.023828125 0.087109375
0 0.356640625 0.38046875 0.0046875 0.008984375
3 0.392578125 0.346875 0.007421875 0.03515625
3 0.554296875 0.4296875 0.016015625 0.04140625