3 0.833984375 0.3828125 0.0078125 0.026953125
2 0.44375 0.43515625 0.007421875 0.0390625
2 0.296484375 0.445703125 0.007421875 0.03984375
2 0.494140625 0.39921875 0.007421875 0.033203125
2 0.684765625 0.38984375 0.008203125 0.031640625
2 0.629296875 0.450390625 0.008203125 0.03984375
2 0.38203125 0.492578125 0.0109375 0.046484375
2 0.112890625 0.527734375 0.020703125 0.051953125
2 0.087890625 0.540625 0.019140625 0.05
2 0.793359375 0.4140625 0.009375 0.037109375
2 0.662890625 0.57734375 0.010546875 0.06015625
3 0.51015625 0.505078125 0.008984375 0.04921875
2 0.633984375 0.501953125 0.011328125 0.05
2 0.811328125 0.512890625 0.0140625 0.048046875
2 0.823828125 0.48828125 0.0109375 0.04921875
2 0.325390625 0.531640625 0.015625 0.051953125
2 0.246484375 0.626953125 0.019140625 0.062890625
2 0.412890625 0.719140625 0.023046875 0.078515625
2 0.8171875 0.559765625 0.014453125 0.065625
2 0.37734375 0.54296875 0.0203125 0.052734375
2 0.163671875 0.646484375 0.0125 0.068359375
2 0.566015625 0.687890625 0.021875 0.07421875
0 0.091015625 0.524609375 0.00703125 0.0125
1 0.13046875 0.457421875 0.013671875 0.044921875