2 0.686328125 0.385546875 0.008984375 0.041796875
2 0.680859375 0.320703125 0.006640625 0.043359375
2 0.594140625 0.334375 0.0125 0.04453125
2 0.640234375 0.35078125 0.008203125 0.040625
2 0.725390625 0.337890625 0.008984375 0.042578125
3 0.021484375 0.269140625 0.010546875 0.041796875
2 0.27109375 0.296875 0.008984375 0.041796875
2 0.711328125 0.35 0.011328125 0.048046875
2 0.74375 0.391796875 0.010546875 0.05
2 0.65234375 0.36328125 0.009765625 0.047265625
2 0.523828125 0.318359375 0.012109375 0.0390625
2 0.390234375 0.446875 0.009765625 0.058203125
3 0.592578125 0.375 0.010546875 0.051953125
2 0.255078125 0.321875 0.0078125 0.043359375
2 0.49765625 0.35546875 0.009765625 0.046484375
2 0.680859375 0.412890625 0.014453125 0.053515625
2 0.179296875 0.38203125 0.011328125 0.04921875
2 0.380078125 0.4515625 0.011328125 0.06015625
2 0.458203125 0.382421875 0.009765625 0.05
1 0.73125 0.29609375 0.012109375 0.046875
0 0.56328125 0.298046875 0.00546875 0.01015625
2 0.5828125 0.328515625 0.015625 0.041015625
2 0.60703125 0.297265625 0.01171875 0.039453125
2 0.61640625 0.300390625 0.01328125 0.035546875