1 0.880859375 0.36953125 0.009765625 0.0390625
2 0.53984375 0.707421875 0.02421875 0.06875
2 0.329296875 0.330859375 0.007421875 0.034375
2 0.4875 0.544921875 0.01875 0.04765625
2 0.58046875 0.4265625 0.012890625 0.041796875
2 0.57265625 0.48046875 0.012890625 0.046484375
2 0.630859375 0.342578125 0.0109375 0.03515625
2 0.491796875 0.299609375 0.00625 0.03046875
2 0.807421875 0.49765625 0.009375 0.047265625
2 0.815234375 0.59765625 0.019140625 0.04921875
2 0.337890625 0.454296875 0.012109375 0.04921875
3 0.458203125 0.43671875 0.008203125 0.041796875
2 0.265625 0.352734375 0.009375 0.037109375
2 0.405078125 0.396484375 0.010546875 0.040625
2 0.64296875 0.37734375 0.0078125 0.037890625
2 0.276953125 0.4171875 0.014453125 0.041796875
2 0.326171875 0.468359375 0.012890625 0.037109375
2 0.403125 0.49296875 0.015625 0.034375
2 0.733984375 0.612890625 0.017578125 0.05546875
2 0.226953125 0.444140625 0.018359375 0.041796875
2 0.478515625 0.6234375 0.025 0.058203125
3 0.133203125 0.840625 0.026171875 0.081640625
2 0.8875 0.46953125 0.013671875 0.046875
3 0.64453125 0.252734375 0.0078125 0.028515625