1 0.76953125 0.312109375 0.009765625 0.0296875
1 0.006640625 0.402734375 0.012109375 0.040625
2 0.282421875 0.365234375 0.007421875 0.03828125
2 0.42890625 0.3171875 0.005859375 0.032421875
2 0.311328125 0.2921875 0.005859375 0.028515625
2 0.2734375 0.3984375 0.008203125 0.041796875
2 0.455859375 0.26953125 0.006640625 0.027734375
2 0.587109375 0.31484375 0.006640625 0.03515625
2 0.323828125 0.293359375 0.005859375 0.0296875
2 0.25703125 0.5109375 0.008984375 0.048046875
2 0.679296875 0.26328125 0.0078125 0.028515625
2 0.544921875 0.37734375 0.008984375 0.037890625
2 0.819140625 0.400390625 0.0140625 0.03984375
2 0.69609375 0.360546875 0.008984375 0.037890625
2 0.621875 0.381640625 0.008203125 0.0390625
2 0.329296875 0.466796875 0.012109375 0.048046875
3 0.38203125 0.375 0.0078125 0.0390625
2 0.28359375 0.66328125 0.015234375 0.056640625
2 0.6296875 0.61015625 0.01875 0.059375
2 0.523828125 0.5078125 0.012109375 0.05078125
3 0.30390625 0.244921875 0.009765625 0.035546875
2 0.284375 0.35078125 0.006640625 0.03828125
2 0.548046875 0.236328125 0.0078125 0.030078125
2 0.43125 0.3015625 0.007421875 0.033984375
0 0.7625 0.323828125 0.00390625 0.008203125