2 0.86328125 0.45078125 0.0109375 0.0390625
1 0.863671875 0.3375 0.012890625 0.0359375
2 0.646484375 0.299609375 0.0078125 0.03046875
2 0.668359375 0.401953125 0.011328125 0.04453125
2 0.701953125 0.334765625 0.010546875 0.037890625
2 0.829296875 0.460546875 0.01484375 0.047265625
2 0.726953125 0.45546875 0.018359375 0.046484375
2 0.332421875 0.314453125 0.008984375 0.0359375
2 0.191015625 0.3421875 0.008984375 0.041796875
2 0.623828125 0.389453125 0.010546875 0.043359375
2 0.33515625 0.397265625 0.008984375 0.037109375
2 0.436328125 0.490234375 0.014453125 0.041796875
2 0.225390625 0.415625 0.010546875 0.046484375
2 0.657421875 0.444921875 0.009375 0.0453125
2 0.74609375 0.507421875 0.015234375 0.05
3 0.608203125 0.445703125 0.011328125 0.047265625
2 0.20546875 0.535546875 0.0140625 0.05078125
2 0.179296875 0.3578125 0.011328125 0.041796875
2 0.744140625 0.44765625 0.0171875 0.047265625
2 0.198828125 0.459375 0.015625 0.05546875
2 0.483203125 0.537109375 0.012890625 0.059375
3 0.0875 0.859375 0.030078125 0.083203125
2 0.37265625 0.286328125 0.011328125 0.030078125
3 0.587109375 0.21328125 0.009375 0.0296875
0 0.665234375 0.516015625 0.007421875 0.013671875