2 0.310546875 0.383984375 0.0078125 0.043359375
2 0.2609375 0.346484375 0.009375 0.042578125
2 0.153515625 0.41953125 0.010546875 0.048046875
2 0.320703125 0.318359375 0.0078125 0.0390625
2 0.390234375 0.303515625 0.009765625 0.040625
2 0.1625 0.42578125 0.01875 0.05
2 0.50390625 0.31796875 0.008984375 0.041796875
2 0.623828125 0.344140625 0.014453125 0.047265625
2 0.76484375 0.29453125 0.008984375 0.0390625
2 0.4109375 0.2890625 0.008203125 0.042578125
3 0.421484375 0.368359375 0.009765625 0.04453125
2 0.78671875 0.310546875 0.012109375 0.041796875
2 0.634765625 0.369140625 0.0109375 0.047265625
2 0.68359375 0.441796875 0.015234375 0.057421875
2 0.31953125 0.425 0.012109375 0.057421875
2 0.86875 0.365234375 0.010546875 0.047265625
2 0.697265625 0.45546875 0.016796875 0.059375
1 0.283203125 0.2953125 0.012890625 0.044140625
2 0.3140625 0.305078125 0.011328125 0.048046875
2 0.3515625 0.324609375 0.010546875 0.046875
2 0.35234375 0.30390625 0.010546875 0.046484375
2 0.385546875 0.287109375 0.01015625 0.04375