2 0.362890625 0.36015625 0.008203125 0.031640625
2 0.276171875 0.366796875 0.0109375 0.033203125
2 0.569921875 0.407421875 0.012890625 0.0296875
2 0.521484375 0.302734375 0.0078125 0.02578125
2 0.583203125 0.426953125 0.015234375 0.0390625
2 0.5359375 0.56875 0.01640625 0.05
2 0.319140625 0.354296875 0.008203125 0.032421875
2 0.337890625 0.3953125 0.007421875 0.0296875
2 0.475390625 0.3484375 0.009375 0.028515625
2 0.576171875 0.33984375 0.0109375 0.0296875
3 0.525 0.3859375 0.014453125 0.037109375
2 0.502734375 0.310546875 0.0125 0.026953125
2 0.439453125 0.4640625 0.0203125 0.048828125
2 0.724609375 0.567578125 0.011328125 0.051953125
2 0.484765625 0.440234375 0.0109375 0.03984375
2 0.2421875 0.4640625 0.011328125 0.046484375
2 0.23984375 0.3875 0.012109375 0.037890625
2 0.226171875 0.4484375 0.012109375 0.041796875
2 0.640234375 0.4109375 0.008984375 0.03515625
3 0.897265625 0.69453125 0.0203125 0.062890625
2 0.701953125 0.464453125 0.007421875 0.043359375
2 0.334375 0.32265625 0.0078125 0.03203125
3 0.251171875 0.299609375 0.00625 0.03046875
0 0.590625 0.444140625 0.0046875 0.007421875
1 0.851171875 0.367578125 0.011328125 0.0375