2 0.313671875 0.385546875 0.008984375 0.041796875
2 0.319140625 0.320703125 0.006640625 0.043359375
2 0.405859375 0.334375 0.0125 0.04453125
2 0.359765625 0.35078125 0.008203125 0.040625
2 0.274609375 0.337890625 0.008984375 0.042578125
3 0.978515625 0.269140625 0.010546875 0.041796875
2 0.72890625 0.296875 0.008984375 0.041796875
2 0.288671875 0.35 0.011328125 0.048046875
2 0.25625 0.391796875 0.010546875 0.05
2 0.34765625 0.36328125 0.009765625 0.047265625
2 0.476171875 0.318359375 0.012109375 0.0390625
2 0.609765625 0.446875 0.009765625 0.058203125
3 0.407421875 0.375 0.010546875 0.051953125
2 0.744921875 0.321875 0.0078125 0.043359375
2 0.50234375 0.35546875 0.009765625 0.046484375
2 0.319140625 0.412890625 0.014453125 0.053515625
2 0.820703125 0.38203125 0.011328125 0.04921875
2 0.619921875 0.4515625 0.011328125 0.06015625
2 0.541796875 0.382421875 0.009765625 0.05
1 0.26875 0.29609375 0.012109375 0.046875
0 0.43671875 0.298046875 0.00546875 0.01015625
2 0.4171875 0.328515625 0.015625 0.041015625
2 0.39296875 0.297265625 0.01171875 0.039453125
2 0.38359375 0.300390625 0.01328125 0.035546875