1 0.281640625 0.34765625 0.011328125 0.037890625
2 0.3609375 0.41328125 0.013671875 0.0359375
2 0.388671875 0.489453125 0.009765625 0.0359375
2 0.512890625 0.31953125 0.007421875 0.031640625
2 0.796484375 0.4 0.009765625 0.033203125
2 0.494921875 0.32734375 0.009375 0.026953125
2 0.686328125 0.4015625 0.0078125 0.034375
2 0.404296875 0.410546875 0.009765625 0.0359375
2 0.780859375 0.34921875 0.006640625 0.027734375
2 0.76953125 0.3875 0.008984375 0.034375
2 0.362109375 0.453515625 0.015234375 0.037109375
2 0.84375 0.50625 0.008203125 0.0484375
2 0.252734375 0.55078125 0.008984375 0.051953125
2 0.691796875 0.432421875 0.008984375 0.037109375
3 0.48125 0.414453125 0.008203125 0.0359375
2 0.51875 0.483203125 0.011328125 0.04453125
2 0.578125 0.3640625 0.010546875 0.031640625
2 0.852734375 0.419921875 0.011328125 0.03984375
2 0.498046875 0.469140625 0.015234375 0.03984375
3 0.133203125 0.603125 0.0171875 0.0578125
0 0.54765625 0.308984375 0.005859375 0.012109375
2 0.432421875 0.37109375 0.01171875 0.0375
2 0.38828125 0.50859375 0.0203125 0.023828125
3 0.848828125 0.3171875 0.010546875 0.0328125
2 0.8390625 0.496484375 0.009375 0.046484375