2 0.571484375 0.3296875 0.009375 0.0296875
2 0.32421875 0.37734375 0.011328125 0.043359375
2 0.17265625 0.491015625 0.016015625 0.05078125
2 0.662890625 0.340234375 0.010546875 0.0359375
2 0.486328125 0.400390625 0.019140625 0.0359375
1 0.025 0.39921875 0.011328125 0.042578125
2 0.4125 0.314453125 0.008203125 0.036328125
2 0.59609375 0.422265625 0.009765625 0.046484375
2 0.262109375 0.63828125 0.011328125 0.0546875
2 0.46171875 0.429296875 0.010546875 0.0390625
2 0.444140625 0.5375 0.011328125 0.052734375
2 0.205859375 0.5015625 0.009375 0.05078125
2 0.313671875 0.3875 0.0125 0.0359375
2 0.720703125 0.4203125 0.00859375 0.04296875
3 0.483984375 0.445703125 0.010546875 0.04921875
2 0.684765625 0.64453125 0.01875 0.066796875
2 0.32109375 0.6125 0.012890625 0.0546875
2 0.680078125 0.466796875 0.0125 0.046484375
2 0.51015625 0.496875 0.0171875 0.05078125
2 0.70625 0.571875 0.017578125 0.06015625
3 0.9015625 0.790625 0.023046875 0.072265625
3 0.31640625 0.264453125 0.00859375 0.028515625
0 0.480078125 0.38984375 0.00390625 0.00703125
2 0.45859375 0.416796875 0.008984375 0.0359375
2 0.719140625 0.406640625 0.00859375 0.04140625
1 0.996875 0.402734375 0.00625 0.041796875