2 0.494921875 0.25703125 0.005859375 0.028515625
2 0.255859375 0.3734375 0.0078125 0.03984375
2 0.410546875 0.296484375 0.006640625 0.031640625
2 0.26328125 0.373046875 0.008984375 0.0390625
2 0.438671875 0.3765625 0.0078125 0.034375
2 0.286328125 0.3171875 0.006640625 0.03046875
2 0.730078125 0.477734375 0.011328125 0.046484375
1 0.00546875 0.3953125 0.009765625 0.0390625
2 0.46796875 0.352734375 0.009765625 0.037109375
2 0.80859375 0.447265625 0.009765625 0.04453125
2 0.322265625 0.309765625 0.007421875 0.032421875
2 0.241796875 0.608203125 0.0140625 0.05546875
2 0.5921875 0.372265625 0.008203125 0.0390625
3 0.967578125 0.668359375 0.020703125 0.062109375
2 0.569921875 0.5125 0.0109375 0.04921875
3 0.35546875 0.42421875 0.0078125 0.042578125
2 0.613671875 0.554296875 0.0125 0.05078125
2 0.270703125 0.5203125 0.0109375 0.059375
2 0.288671875 0.54453125 0.011328125 0.053515625
2 0.694921875 0.312890625 0.0078125 0.037109375
2 0.682421875 0.492578125 0.0109375 0.053515625
2 0.589453125 0.56796875 0.012109375 0.056640625
2 0.16171875 0.708984375 0.019140625 0.06015625
3 0.305859375 0.246484375 0.007421875 0.030859375
1 0.91953125 0.369921875 0.0140625 0.0390625
0 0.80546875 0.4640625 0.005078125 0.0109375