2 0.531640625 0.352734375 0.014453125 0.03671875
2 0.541796875 0.29296875 0.008203125 0.034375
2 0.454296875 0.281640625 0.006640625 0.0296875
2 0.653515625 0.309765625 0.007421875 0.037890625
2 0.630859375 0.373046875 0.009375 0.033203125
2 0.725390625 0.3921875 0.0140625 0.0453125
2 0.4234375 0.315625 0.008203125 0.040625
2 0.405859375 0.356640625 0.011328125 0.0390625
2 0.52890625 0.428125 0.0109375 0.045703125
2 0.661328125 0.30703125 0.008203125 0.03984375
2 0.583984375 0.33828125 0.009375 0.0359375
2 0.29765625 0.4171875 0.008984375 0.04921875
3 0.486328125 0.361328125 0.008984375 0.042578125
2 0.741796875 0.408984375 0.0109375 0.05078125
2 0.740234375 0.337109375 0.010546875 0.0390625
2 0.336328125 0.357421875 0.010546875 0.04453125
2 0.451953125 0.326953125 0.012890625 0.0390625
2 0.360546875 0.34921875 0.0078125 0.040625
2 0.72890625 0.475390625 0.0109375 0.056640625
2 0.453515625 0.397265625 0.012109375 0.042578125
2 0.576171875 0.517578125 0.015625 0.057421875
3 0.094140625 0.79921875 0.023046875 0.083203125
0 0.516015625 0.355078125 0.006640625 0.013671875
3 0.710546875 0.242578125 0.010546875 0.03828125