2 0.523046875 0.342578125 0.008984375 0.042578125
1 0.243359375 0.339453125 0.012109375 0.037890625
2 0.518359375 0.335546875 0.008984375 0.03984375
3 0.894921875 0.298046875 0.0109375 0.03515625
2 0.875390625 0.385546875 0.008984375 0.043359375
2 0.611328125 0.445703125 0.013671875 0.041796875
2 0.839453125 0.508203125 0.0109375 0.05546875
3 0.578515625 0.39765625 0.008984375 0.04375
2 0.469921875 0.387890625 0.016796875 0.0390625
2 0.716015625 0.354296875 0.0078125 0.0359375
2 0.41015625 0.4109375 0.016015625 0.042578125
2 0.85 0.403515625 0.011328125 0.04453125
2 0.75546875 0.349609375 0.0078125 0.03984375
2 0.715234375 0.402734375 0.009375 0.0390625
2 0.458203125 0.366015625 0.0125 0.041796875
2 0.42734375 0.465234375 0.0078125 0.047265625
2 0.340625 0.475 0.010546875 0.04453125
2 0.526171875 0.46796875 0.008203125 0.03984375
2 0.511328125 0.416796875 0.012109375 0.042578125
2 0.812890625 0.519140625 0.010546875 0.04921875
2 0.24375 0.614453125 0.013671875 0.062109375
2 0.619140625 0.51796875 0.010546875 0.058203125
3 0.11796875 0.679296875 0.0171875 0.075
0 0.609375 0.46640625 0.00546875 0.008984375
2 0.5828125 0.3984375 0.011328125 0.0421875