2 0.6 0.306640625 0.010546875 0.0390625
1 0.851171875 0.32578125 0.009765625 0.0390625
2 0.5921875 0.5109375 0.01875 0.0578125
2 0.196875 0.341015625 0.009375 0.0359375
2 0.7625 0.44296875 0.008203125 0.04921875
2 0.314453125 0.299609375 0.0078125 0.032421875
2 0.187890625 0.35234375 0.0078125 0.041796875
2 0.298046875 0.40703125 0.014453125 0.043359375
2 0.666796875 0.31953125 0.0078125 0.0390625
2 0.222265625 0.5953125 0.013671875 0.0609375
3 0.5046875 0.45 0.017578125 0.042578125
2 0.349609375 0.455078125 0.010546875 0.0546875
2 0.35 0.316015625 0.009375 0.037890625
2 0.558984375 0.510546875 0.0109375 0.04921875
2 0.602734375 0.384765625 0.008984375 0.0453125
2 0.71171875 0.407421875 0.009765625 0.048046875
2 0.655078125 0.61171875 0.0140625 0.0640625
2 0.516015625 0.491015625 0.015234375 0.04921875
2 0.1828125 0.465625 0.014453125 0.053515625
2 0.698828125 0.597265625 0.030078125 0.053515625
2 0.77734375 0.474609375 0.012109375 0.056640625
3 0.07265625 0.849609375 0.028125 0.087890625
3 0.57265625 0.20546875 0.00859375 0.03125
2 0.59609375 0.49921875 0.021875 0.049609375
0 0.5640625 0.543359375 0.0046875 0.01015625