3 0.144921875 0.3046875 0.008984375 0.033203125
2 0.5765625 0.401953125 0.010546875 0.037109375
1 0.750390625 0.34765625 0.0125 0.0359375
2 0.5640625 0.4046875 0.0125 0.03515625
2 0.612109375 0.36328125 0.009765625 0.041796875
2 0.59375 0.360546875 0.009375 0.0359375
3 0.601171875 0.395703125 0.008984375 0.041796875
2 0.640234375 0.4078125 0.009765625 0.03984375
2 0.187890625 0.4234375 0.008984375 0.047265625
2 0.515625 0.41015625 0.010546875 0.037109375
2 0.729296875 0.444140625 0.010546875 0.043359375
2 0.318359375 0.36484375 0.0109375 0.037109375
2 0.457421875 0.453125 0.011328125 0.043359375
2 0.751953125 0.491796875 0.009375 0.046484375
3 0.974609375 0.633203125 0.017578125 0.06484375
2 0.406640625 0.387109375 0.008984375 0.040625
2 0.681640625 0.4875 0.01015625 0.049609375
2 0.562109375 0.4796875 0.011328125 0.046484375
2 0.213671875 0.4296875 0.010546875 0.046484375
2 0.290625 0.529296875 0.013671875 0.056640625
2 0.491015625 0.52265625 0.009765625 0.056640625
2 0.31953125 0.53984375 0.0140625 0.051953125
2 0.57578125 0.36953125 0.01015625 0.042578125