2 0.495703125 0.249609375 0.0078125 0.026953125
2 0.49765625 0.45078125 0.0078125 0.04453125
2 0.508203125 0.28828125 0.006640625 0.026953125
2 0.59140625 0.244921875 0.006640625 0.026953125
3 0.467578125 0.7390625 0.016015625 0.081640625
2 0.404296875 0.289453125 0.007421875 0.0359375
2 0.609765625 0.256640625 0.0078125 0.02578125
2 0.441015625 0.305859375 0.008203125 0.0359375
2 0.366796875 0.358984375 0.007421875 0.037890625
2 0.655859375 0.3125 0.0078125 0.034375
1 0.10703125 0.334375 0.0109375 0.037109375
2 0.303515625 0.279296875 0.0078125 0.032421875
2 0.684765625 0.435546875 0.008984375 0.043359375
3 0.578515625 0.348046875 0.0078125 0.0390625
2 0.451171875 0.352734375 0.0078125 0.0390625
2 0.680859375 0.369921875 0.008984375 0.041796875
1 0.944921875 0.366015625 0.011328125 0.043359375
2 0.60859375 0.399609375 0.008984375 0.043359375
2 0.5203125 0.347265625 0.008203125 0.037109375
2 0.671875 0.354296875 0.009375 0.037890625
2 0.159765625 0.40234375 0.0078125 0.0453125
2 0.373046875 0.703125 0.0171875 0.06953125
2 0.63046875 0.539453125 0.015234375 0.05078125
3 0.634765625 0.225 0.00859375 0.035546875
2 0.43671875 0.229296875 0.008984375 0.0359375
0 0.31171875 0.294921875 0.004296875 0.008203125