2 0.669140625 0.3078125 0.008984375 0.0359375
3 0.065625 0.22734375 0.011328125 0.03984375
2 0.53046875 0.2625 0.0078125 0.032421875
0 0.579296875 0.306640625 0.007421875 0.0109375
2 0.440234375 0.221484375 0.0109375 0.033203125
2 0.4984375 0.282421875 0.011328125 0.04453125
2 0.371875 0.309765625 0.010546875 0.04921875
2 0.522265625 0.397265625 0.016015625 0.05
2 0.259765625 0.247265625 0.008984375 0.04453125
1 0.87734375 0.28828125 0.012109375 0.05078125
2 0.22109375 0.244140625 0.008984375 0.041796875
3 0.481640625 0.312890625 0.011328125 0.048046875
2 0.225390625 0.29921875 0.009375 0.048046875
2 0.46328125 0.23046875 0.016015625 0.0390625
2 0.540625 0.3046875 0.014453125 0.048046875
2 0.149609375 0.325390625 0.0109375 0.047265625
2 0.060546875 0.2890625 0.011328125 0.048046875
2 0.422265625 0.344921875 0.017578125 0.04921875
2 0.675 0.3390625 0.0125 0.057421875
2 0.23203125 0.366796875 0.012890625 0.057421875
2 0.725 0.353515625 0.013671875 0.05546875
2 0.298828125 0.330078125 0.019140625 0.0453125
2 0.083203125 0.48203125 0.021875 0.065625
2 0.801953125 0.65 0.030078125 0.07421875