2 0.358203125 0.359765625 0.008984375 0.037890625
2 0.526953125 0.25703125 0.008203125 0.028515625
2 0.405859375 0.262109375 0.005078125 0.02578125
2 0.421484375 0.24765625 0.006640625 0.026953125
2 0.360546875 0.339453125 0.009375 0.041796875
2 0.494921875 0.27734375 0.0078125 0.028125
2 0.693359375 0.2609375 0.008984375 0.0296875
2 0.619921875 0.28984375 0.006640625 0.033203125
2 0.5484375 0.45234375 0.009375 0.043359375
2 0.709765625 0.35078125 0.009765625 0.040625
2 0.544921875 0.34765625 0.009765625 0.0359375
1 0.903125 0.330078125 0.008203125 0.0359375
2 0.901953125 0.424609375 0.012109375 0.043359375
1 0.08359375 0.36328125 0.012890625 0.03984375
2 0.351171875 0.448046875 0.009375 0.04453125
2 0.630859375 0.330078125 0.012890625 0.037890625
3 0.466015625 0.34453125 0.008984375 0.0390625
2 0.428515625 0.41171875 0.009375 0.0453125
2 0.32578125 0.628125 0.019140625 0.058203125
2 0.766796875 0.590234375 0.014453125 0.062109375
0 0.6828125 0.273046875 0.004296875 0.0078125
3 0.38828125 0.227734375 0.006640625 0.027734375
2 0.500390625 0.295703125 0.010546875 0.03125
2 0.35859375 0.31796875 0.00859375 0.03046875
2 0.60703125 0.229296875 0.005859375 0.024609375