3 0.341015625 0.25234375 0.010546875 0.047265625
2 0.448046875 0.266015625 0.0125 0.041796875
2 0.842578125 0.351953125 0.008984375 0.059375
2 0.8109375 0.3234375 0.009375 0.052734375
2 0.701953125 0.3015625 0.009765625 0.047265625
2 0.839453125 0.3140625 0.013671875 0.05
2 0.515234375 0.305859375 0.008984375 0.05078125
2 0.473828125 0.283203125 0.011328125 0.04453125
2 0.302734375 0.2859375 0.0078125 0.05
2 0.890234375 0.57578125 0.01875 0.092578125
2 0.375 0.341015625 0.014453125 0.058203125
2 0.849609375 0.398046875 0.011328125 0.066796875
2 0.733203125 0.38203125 0.016015625 0.0640625
2 0.573046875 0.317578125 0.010546875 0.051953125
2 0.824609375 0.352734375 0.012890625 0.068359375
1 0.0453125 0.352734375 0.015625 0.0609375
2 0.658203125 0.3953125 0.0140625 0.05546875
2 0.390234375 0.37421875 0.012890625 0.0609375
3 0.674609375 0.359375 0.014453125 0.057421875
2 0.377734375 0.406640625 0.012890625 0.066796875
2 0.0921875 0.41796875 0.021875 0.067578125
3 0.982421875 0.94453125 0.0296875 0.109375
2 0.183984375 0.684765625 0.030859375 0.1046875
2 0.81796875 0.73828125 0.024609375 0.1140625
0 0.430859375 0.28515625 0.005078125 0.009765625