2 0.437109375 0.4296875 0.009765625 0.042578125
2 0.44140625 0.323046875 0.012109375 0.040625
2 0.360546875 0.355859375 0.010546875 0.0453125
2 0.46796875 0.29296875 0.009765625 0.037890625
1 0.127734375 0.32578125 0.011328125 0.04453125
2 0.462890625 0.400390625 0.015625 0.056640625
2 0.353515625 0.433203125 0.016015625 0.051953125
2 0.3515625 0.381640625 0.0125 0.057421875
3 0.524609375 0.3953125 0.012890625 0.046484375
2 0.739453125 0.3265625 0.0125 0.0453125
2 0.562109375 0.371484375 0.011328125 0.051953125
2 0.433984375 0.469140625 0.0140625 0.0546875
2 0.595703125 0.3734375 0.017578125 0.04921875
2 0.341796875 0.44296875 0.010546875 0.06015625
2 0.319140625 0.4 0.016796875 0.05546875
2 0.528125 0.457421875 0.015625 0.05546875
2 0.437890625 0.525390625 0.016015625 0.0640625
2 0.541796875 0.50078125 0.012890625 0.05546875
3 0.119921875 0.619140625 0.020703125 0.08046875
2 0.759765625 0.397265625 0.015625 0.053515625
2 0.63359375 0.540625 0.0171875 0.0703125
2 0.67421875 0.5265625 0.0265625 0.065625
2 0.826953125 0.5109375 0.022265625 0.066796875
3 0.744140625 0.257421875 0.009375 0.030078125
0 0.649609375 0.557421875 0.0078125 0.014453125