2 0.44765625 0.284765625 0.0109375 0.03984375
3 0.412890625 0.321484375 0.012890625 0.046484375
2 0.255859375 0.297265625 0.0125 0.0390625
2 0.370703125 0.264453125 0.011328125 0.032421875
2 0.566015625 0.275390625 0.008203125 0.03984375
2 0.352734375 0.328125 0.008203125 0.03984375
2 0.534375 0.256640625 0.009375 0.03515625
2 0.315234375 0.3015625 0.009765625 0.041796875
2 0.561328125 0.3015625 0.0140625 0.037890625
2 0.499609375 0.272265625 0.011328125 0.037109375
2 0.479296875 0.2796875 0.009765625 0.040625
2 0.216796875 0.309375 0.015625 0.048046875
1 0.877734375 0.301953125 0.010546875 0.04453125
3 0.008203125 0.829296875 0.016015625 0.09921875
2 0.184765625 0.31328125 0.011328125 0.04921875
2 0.726953125 0.291796875 0.010546875 0.04453125
2 0.179296875 0.358984375 0.012109375 0.05078125
2 0.481640625 0.353125 0.008203125 0.052734375
2 0.731640625 0.350390625 0.012890625 0.05078125
2 0.407421875 0.376953125 0.0140625 0.057421875
2 0.349609375 0.39765625 0.015234375 0.04921875
2 0.676171875 0.45234375 0.013671875 0.065625
3 0.63515625 0.2359375 0.009375 0.036328125
0 0.566015625 0.316796875 0.005859375 0.012109375
2 0.353515625 0.270703125 0.010546875 0.039453125