2 0.262109375 0.303515625 0.008984375 0.0390625
2 0.55546875 0.30546875 0.009765625 0.0390625
3 0.89296875 0.61328125 0.022265625 0.0796875
2 0.52421875 0.284765625 0.008984375 0.037890625
2 0.623046875 0.343359375 0.009765625 0.048046875
2 0.397265625 0.34765625 0.009765625 0.041796875
2 0.85234375 0.329296875 0.012109375 0.047265625
3 0.489453125 0.384375 0.009765625 0.05
2 0.429296875 0.346484375 0.010546875 0.046484375
2 0.312890625 0.4734375 0.011328125 0.065625
2 0.558984375 0.3828125 0.016015625 0.052734375
2 0.479296875 0.49921875 0.012890625 0.066796875
2 0.616796875 0.37578125 0.012109375 0.053515625
2 0.74453125 0.51953125 0.016015625 0.0703125
2 0.628515625 0.5 0.020703125 0.053515625
2 0.413671875 0.543359375 0.025390625 0.066796875
2 0.180078125 0.3828125 0.011328125 0.052734375
2 0.726171875 0.52734375 0.012890625 0.075
2 0.59296875 0.509375 0.012109375 0.068359375
2 0.438671875 0.53203125 0.012109375 0.065625
2 0.687890625 0.407421875 0.014453125 0.05546875
2 0.558203125 0.5390625 0.0203125 0.0703125
2 0.150390625 0.526953125 0.023828125 0.07421875
0 0.638671875 0.280078125 0.007421875 0.0125
3 0.213671875 0.25859375 0.0078125 0.0328125