2 0.58046875 0.247265625 0.008984375 0.0390625
2 0.712890625 0.335546875 0.016796875 0.05078125
2 0.656640625 0.290234375 0.010546875 0.043359375
2 0.3515625 0.287109375 0.010546875 0.042578125
2 0.317578125 0.359375 0.0125 0.05
3 0.559765625 0.353515625 0.014453125 0.053515625
2 0.45390625 0.30703125 0.0109375 0.04921875
2 0.7359375 0.366015625 0.015625 0.056640625
2 0.700390625 0.34921875 0.015625 0.05546875
2 0.5765625 0.35078125 0.010546875 0.051953125
2 0.492578125 0.314453125 0.0171875 0.047265625
2 0.60078125 0.368359375 0.015234375 0.05546875
2 0.665234375 0.4546875 0.029296875 0.051953125
2 0.752734375 0.5234375 0.014453125 0.06953125
2 0.796875 0.4796875 0.016796875 0.0703125
2 0.33046875 0.420703125 0.0140625 0.062109375
2 0.5234375 0.55078125 0.023046875 0.066796875
2 0.221875 0.3328125 0.014453125 0.0546875
2 0.83046875 0.5421875 0.0203125 0.073046875
2 0.44140625 0.60078125 0.0234375 0.08515625
2 0.13359375 0.515234375 0.018359375 0.075
3 0.278515625 0.237890625 0.0109375 0.0390625
0 0.429296875 0.60703125 0.009375 0.017578125