3 0.2171875 0.2296875 0.009375 0.046484375
2 0.3375 0.283203125 0.017578125 0.040625
2 0.308203125 0.28046875 0.012890625 0.04453125
2 0.460546875 0.2328125 0.012109375 0.041796875
2 0.599609375 0.244140625 0.009375 0.0453125
2 0.3625 0.23984375 0.015625 0.0390625
2 0.545703125 0.268359375 0.013671875 0.048046875
2 0.623828125 0.243359375 0.013671875 0.042578125
2 0.76953125 0.4015625 0.018359375 0.062109375
2 0.35546875 0.28046875 0.012109375 0.048046875
2 0.672265625 0.296875 0.009375 0.056640625
2 0.580859375 0.259375 0.010546875 0.05
3 0.419921875 0.319921875 0.013671875 0.056640625
2 0.327734375 0.31484375 0.015234375 0.05
2 0.519921875 0.28515625 0.0140625 0.05
2 0.179296875 0.37734375 0.020703125 0.056640625
2 0.455859375 0.302734375 0.015234375 0.053515625
2 0.4375 0.3140625 0.013671875 0.053515625
2 0.274609375 0.427734375 0.025 0.068359375
2 0.251171875 0.443359375 0.023046875 0.066796875
2 0.3203125 0.2765625 0.01640625 0.041015625
2 0.330078125 0.266015625 0.01171875 0.04140625