3 0.30625 0.26484375 0.0109375 0.037109375
0 0.361328125 0.605859375 0.005859375 0.012109375
2 0.383203125 0.299609375 0.009375 0.03984375
2 0.669921875 0.326953125 0.009765625 0.048046875
2 0.459375 0.3328125 0.010546875 0.047265625
2 0.640625 0.30234375 0.0125 0.043359375
3 0.991015625 0.81171875 0.017578125 0.093359375
2 0.496484375 0.33828125 0.0125 0.05078125
3 0.571875 0.40546875 0.010546875 0.05546875
2 0.84296875 0.687890625 0.015234375 0.096484375
2 0.69765625 0.366796875 0.0140625 0.05
2 0.68515625 0.378515625 0.0140625 0.057421875
2 0.738671875 0.39765625 0.015625 0.062109375
2 0.628515625 0.51015625 0.014453125 0.059375
2 0.610546875 0.45234375 0.016015625 0.065625
2 0.25078125 0.347265625 0.012890625 0.053515625
2 0.553125 0.41015625 0.016796875 0.06484375
2 0.786328125 0.4890625 0.015234375 0.072265625
2 0.48515625 0.628125 0.0171875 0.08984375
2 0.088671875 0.555078125 0.019921875 0.078515625
2 0.796484375 0.778515625 0.027734375 0.107421875
2 0.351953125 0.684375 0.022265625 0.0890625
2 0.33515625 0.476953125 0.016015625 0.0703125
2 0.294140625 0.4390625 0.012890625 0.0609375