2 0.555859375 0.28515625 0.0125 0.030859375
2 0.546875 0.3 0.009375 0.033203125
2 0.70390625 0.310546875 0.008984375 0.037890625
1 0.958203125 0.344921875 0.0109375 0.0359375
2 0.731640625 0.369140625 0.011328125 0.03984375
2 0.69765625 0.350390625 0.0109375 0.043359375
2 0.720703125 0.32578125 0.009375 0.042578125
3 0.58984375 0.329296875 0.0078125 0.041796875
2 0.606640625 0.34453125 0.0125 0.04453125
2 0.46484375 0.359375 0.008984375 0.046484375
2 0.430859375 0.31328125 0.013671875 0.0359375
2 0.327734375 0.366015625 0.009765625 0.05078125
2 0.807421875 0.3875 0.009375 0.047265625
2 0.764453125 0.35078125 0.008984375 0.048046875
2 0.626171875 0.375390625 0.009765625 0.04921875
2 0.278515625 0.401953125 0.013671875 0.057421875
2 0.365234375 0.4375 0.012109375 0.056640625
2 0.301171875 0.44765625 0.0109375 0.056640625
2 0.7890625 0.456640625 0.013671875 0.057421875
2 0.5640625 0.4125 0.0125 0.052734375
2 0.643359375 0.50546875 0.017578125 0.0609375
2 0.36484375 0.75703125 0.022265625 0.10078125
2 0.335546875 0.765234375 0.021484375 0.102734375
3 0.3 0.278515625 0.009375 0.040625
2 0.695703125 0.322265625 0.0109375 0.037890625