3 0.69375 0.26484375 0.0109375 0.037109375
0 0.638671875 0.605859375 0.005859375 0.012109375
2 0.616796875 0.299609375 0.009375 0.03984375
2 0.330078125 0.326953125 0.009765625 0.048046875
2 0.540625 0.3328125 0.010546875 0.047265625
2 0.359375 0.30234375 0.0125 0.043359375
3 0.008984375 0.81171875 0.017578125 0.093359375
2 0.503515625 0.33828125 0.0125 0.05078125
3 0.428125 0.40546875 0.010546875 0.05546875
2 0.15703125 0.687890625 0.015234375 0.096484375
2 0.30234375 0.366796875 0.0140625 0.05
2 0.31484375 0.378515625 0.0140625 0.057421875
2 0.261328125 0.39765625 0.015625 0.062109375
2 0.371484375 0.51015625 0.014453125 0.059375
2 0.389453125 0.45234375 0.016015625 0.065625
2 0.74921875 0.347265625 0.012890625 0.053515625
2 0.446875 0.41015625 0.016796875 0.06484375
2 0.213671875 0.4890625 0.015234375 0.072265625
2 0.51484375 0.628125 0.0171875 0.08984375
2 0.911328125 0.555078125 0.019921875 0.078515625
2 0.203515625 0.778515625 0.027734375 0.107421875
2 0.648046875 0.684375 0.022265625 0.0890625
2 0.66484375 0.476953125 0.016015625 0.0703125
2 0.705859375 0.4390625 0.012890625 0.0609375