3 0.780859375 0.36328125 0.009375 0.03046875
2 0.558984375 0.389453125 0.0078125 0.0328125
2 0.34375 0.415234375 0.010546875 0.03984375
2 0.391015625 0.4125 0.008984375 0.037890625
2 0.86640625 0.380078125 0.009765625 0.03046875
2 0.337109375 0.43828125 0.010546875 0.037890625
3 0.1203125 0.844140625 0.020703125 0.078515625
2 0.390234375 0.445703125 0.0125 0.0359375
2 0.8125 0.384375 0.0125 0.0296875
2 0.201953125 0.6546875 0.013671875 0.057421875
2 0.626171875 0.48828125 0.011328125 0.043359375
2 0.283984375 0.49453125 0.0140625 0.046484375
2 0.551953125 0.428515625 0.009765625 0.040625
3 0.51015625 0.481640625 0.0109375 0.044140625
2 0.3640625 0.515234375 0.010546875 0.04921875
2 0.870703125 0.43984375 0.015234375 0.0390625
2 0.376171875 0.55546875 0.013671875 0.053515625
2 0.193359375 0.703125 0.012890625 0.065625
2 0.25703125 0.550390625 0.012109375 0.0546875
2 0.348828125 0.60078125 0.015625 0.057421875
2 0.669140625 0.55234375 0.012109375 0.05078125
2 0.845703125 0.5140625 0.0125 0.048046875
2 0.51015625 0.4546875 0.0109375 0.042578125
2 0.563671875 0.3796875 0.00625 0.030859375