2 0.702734375 0.453515625 0.009375 0.05
2 0.702734375 0.403515625 0.014453125 0.051953125
1 0.754296875 0.41484375 0.0140625 0.05
2 0.683984375 0.397265625 0.014453125 0.051953125
0 0.7546875 0.640625 0.007421875 0.0109375
2 0.709375 0.46953125 0.0125 0.059375
2 0.569140625 0.465625 0.0125 0.051953125
2 0.8953125 0.531640625 0.014453125 0.051953125
2 0.663671875 0.442578125 0.011328125 0.051953125
2 0.805078125 0.519140625 0.012109375 0.058203125
2 0.741796875 0.575 0.015625 0.057421875
2 0.785546875 0.46484375 0.012109375 0.05546875
2 0.595703125 0.43515625 0.013671875 0.05
2 0.57890625 0.4140625 0.012109375 0.05
2 0.870703125 0.525390625 0.0140625 0.056640625
3 0.4984375 0.478125 0.011328125 0.056640625
2 0.57734375 0.5109375 0.0140625 0.051953125
2 0.366015625 0.434765625 0.014453125 0.052734375
2 0.734375 0.612109375 0.025 0.05546875
2 0.675390625 0.626953125 0.0203125 0.0609375
2 0.14765625 0.51015625 0.015234375 0.05546875
2 0.187890625 0.6046875 0.0171875 0.062890625
2 0.235546875 0.5859375 0.015234375 0.059375