2 0.360546875 0.425390625 0.012890625 0.03984375
2 0.433203125 0.365625 0.007421875 0.0296875
2 0.271484375 0.40625 0.011328125 0.033984375
2 0.350390625 0.445703125 0.009375 0.041796875
2 0.51953125 0.366796875 0.006640625 0.031640625
2 0.2984375 0.37265625 0.009375 0.028515625
2 0.52578125 0.387109375 0.012890625 0.0296875
2 0.398046875 0.371484375 0.013671875 0.0296875
3 0.08671875 0.899609375 0.021484375 0.097265625
2 0.704296875 0.394140625 0.0078125 0.03984375
2 0.5078125 0.3765625 0.008203125 0.037890625
2 0.507421875 0.44765625 0.012109375 0.0359375
2 0.2796875 0.61015625 0.023828125 0.062890625
2 0.193359375 0.42578125 0.011328125 0.0390625
2 0.62734375 0.5234375 0.012890625 0.0546875
2 0.58984375 0.444140625 0.0109375 0.0453125
2 0.80234375 0.557421875 0.019140625 0.051953125
2 0.698046875 0.434375 0.0140625 0.040625
2 0.19453125 0.526953125 0.022265625 0.051953125
0 0.258203125 0.402734375 0.004296875 0.00859375
2 0.265234375 0.3859375 0.0140625 0.039453125
3 0.355078125 0.427734375 0.017578125 0.0375
3 0.63671875 0.344921875 0.009765625 0.038671875