2 0.34609375 0.578125 0.01328125 0.05078125
2 0.73046875 0.517578125 0.0109375 0.03515625
2 0.52578125 0.4671875 0.008984375 0.041796875
2 0.6390625 0.446484375 0.009375 0.033203125
2 0.346484375 0.58515625 0.01875 0.05546875
2 0.4234375 0.4 0.010546875 0.033203125
2 0.686328125 0.46328125 0.009375 0.037890625
2 0.5015625 0.4390625 0.009375 0.031640625
3 0.513671875 0.5140625 0.009375 0.040625
2 0.194921875 0.519921875 0.0109375 0.03984375
2 0.273046875 0.457421875 0.008203125 0.0390625
2 0.675390625 0.484375 0.008984375 0.042578125
2 0.729296875 0.551953125 0.011328125 0.051953125
2 0.16171875 0.556640625 0.015234375 0.046484375
2 0.401953125 0.47421875 0.009765625 0.037109375
2 0.596875 0.522265625 0.011328125 0.046484375
1 0.021484375 0.506640625 0.013671875 0.048046875
2 0.309765625 0.737109375 0.017578125 0.059375
2 0.5203125 0.619140625 0.009375 0.04921875
2 0.71640625 0.80703125 0.019140625 0.073046875
2 0.2125 0.59453125 0.014453125 0.048046875
2 0.763671875 0.66171875 0.012109375 0.056640625
3 0.661328125 0.391015625 0.011328125 0.03515625
0 0.355078125 0.61015625 0.00546875 0.01015625