2 0.591015625 0.364453125 0.008984375 0.034375
2 0.63203125 0.3625 0.012890625 0.03828125
2 0.196484375 0.427734375 0.012109375 0.05
2 0.612890625 0.390234375 0.008984375 0.043359375
2 0.35859375 0.367578125 0.015234375 0.040625
2 0.141796875 0.455859375 0.0125 0.05078125
2 0.414453125 0.45234375 0.009375 0.04921875
2 0.21640625 0.653125 0.018359375 0.067578125
2 0.215234375 0.478125 0.011328125 0.058203125
2 0.29296875 0.5015625 0.015234375 0.052734375
3 0.554296875 0.480078125 0.013671875 0.052734375
2 0.261328125 0.528515625 0.016015625 0.0609375
2 0.780859375 0.425390625 0.015234375 0.04921875
2 0.762890625 0.5015625 0.022265625 0.058203125
2 0.819921875 0.579296875 0.0171875 0.06015625
2 0.43828125 0.570703125 0.015234375 0.0640625
2 0.634375 0.44921875 0.016796875 0.051953125
2 0.319140625 0.6671875 0.019921875 0.075
2 0.75234375 0.5640625 0.018359375 0.062890625
2 0.8140625 0.5 0.020703125 0.059375
2 0.64453125 0.559375 0.019140625 0.062890625
3 0.685546875 0.33671875 0.01015625 0.03671875
0 0.602734375 0.379296875 0.004296875 0.00859375