2 0.65390625 0.578125 0.01328125 0.05078125
2 0.26953125 0.517578125 0.0109375 0.03515625
2 0.47421875 0.4671875 0.008984375 0.041796875
2 0.3609375 0.446484375 0.009375 0.033203125
2 0.653515625 0.58515625 0.01875 0.05546875
2 0.5765625 0.4 0.010546875 0.033203125
2 0.313671875 0.46328125 0.009375 0.037890625
2 0.4984375 0.4390625 0.009375 0.031640625
3 0.486328125 0.5140625 0.009375 0.040625
2 0.805078125 0.519921875 0.0109375 0.03984375
2 0.726953125 0.457421875 0.008203125 0.0390625
2 0.324609375 0.484375 0.008984375 0.042578125
2 0.270703125 0.551953125 0.011328125 0.051953125
2 0.83828125 0.556640625 0.015234375 0.046484375
2 0.598046875 0.47421875 0.009765625 0.037109375
2 0.403125 0.522265625 0.011328125 0.046484375
1 0.978515625 0.506640625 0.013671875 0.048046875
2 0.690234375 0.737109375 0.017578125 0.059375
2 0.4796875 0.619140625 0.009375 0.04921875
2 0.28359375 0.80703125 0.019140625 0.073046875
2 0.7875 0.59453125 0.014453125 0.048046875
2 0.236328125 0.66171875 0.012109375 0.056640625
3 0.338671875 0.391015625 0.011328125 0.03515625
0 0.644921875 0.61015625 0.00546875 0.01015625