0 0.144921875 0.544921875 0.005078125 0.01015625
2 0.115625 0.54921875 0.015625 0.031640625
2 0.117578125 0.581640625 0.016015625 0.053515625
1 0.135546875 0.3875 0.012890625 0.047265625
3 0.01484375 0.667578125 0.0234375 0.0703125
2 0.114453125 0.604296875 0.0125 0.06015625
2 0.416796875 0.371875 0.0125 0.041796875
2 0.674609375 0.376953125 0.009765625 0.042578125
2 0.344921875 0.391796875 0.009765625 0.048046875
2 0.371484375 0.439453125 0.010546875 0.047265625
2 0.552734375 0.434765625 0.009765625 0.04921875
2 0.2625 0.540625 0.009375 0.059375
2 0.194140625 0.608984375 0.015234375 0.0640625
3 0.438671875 0.4875 0.015234375 0.052734375
2 0.455859375 0.545703125 0.0109375 0.06015625
2 0.319921875 0.585546875 0.0140625 0.067578125
2 0.163671875 0.605078125 0.013671875 0.062109375
2 0.27109375 0.43984375 0.016015625 0.05
2 0.608203125 0.642578125 0.015625 0.07421875
2 0.355078125 0.68046875 0.015625 0.07578125
2 0.33515625 0.600390625 0.0140625 0.0640625
2 0.71875 0.667578125 0.020703125 0.07421875
2 0.53515625 0.57578125 0.012109375 0.0609375
2 0.830078125 0.526953125 0.0171875 0.0609375
3 0.8140625 0.299609375 0.008203125 0.0375