2 0.004296875 0.498046875 0.008203125 0.048046875
2 0.467578125 0.64765625 0.017578125 0.047265625
2 0.41171875 0.38671875 0.009765625 0.034375
3 0.549609375 0.5453125 0.0109375 0.048046875
2 0.653515625 0.4546875 0.009375 0.0390625
2 0.27421875 0.5515625 0.024609375 0.047265625
2 0.533984375 0.428125 0.009765625 0.0359375
2 0.523828125 0.48046875 0.011328125 0.042578125
2 0.463671875 0.474609375 0.010546875 0.03984375
2 0.278515625 0.446484375 0.011328125 0.042578125
2 0.480078125 0.6671875 0.0203125 0.0546875
2 0.636328125 0.7875 0.016015625 0.071484375
2 0.175 0.569921875 0.015625 0.052734375
2 0.67890625 0.477734375 0.012109375 0.04453125
2 0.449609375 0.77421875 0.021484375 0.068359375
3 0.02109375 0.810546875 0.025390625 0.073046875
2 0.606640625 0.530078125 0.012109375 0.04921875
2 0.2875 0.637890625 0.016796875 0.05546875
2 0.6859375 0.528515625 0.011328125 0.051953125
2 0.744921875 0.55234375 0.012109375 0.05078125
2 0.723046875 0.7265625 0.01875 0.0640625
2 0.520703125 0.7375 0.021875 0.06015625
0 0.451171875 0.79375 0.006640625 0.013671875
3 0.654296875 0.369140625 0.008203125 0.031640625
2 0.654296875 0.434765625 0.0078125 0.0359375