2 0.687890625 0.42265625 0.010546875 0.028515625
2 0.476171875 0.441796875 0.009765625 0.037109375
3 0.537109375 0.512109375 0.0109375 0.042578125
2 0.672265625 0.483203125 0.008984375 0.03515625
2 0.4078125 0.444140625 0.007421875 0.034375
2 0.830859375 0.52578125 0.016015625 0.046484375
2 0.616015625 0.45078125 0.008984375 0.03515625
2 0.764453125 0.4953125 0.0109375 0.040625
2 0.355859375 0.484375 0.0109375 0.040625
2 0.564453125 0.476953125 0.006640625 0.037109375
2 0.153515625 0.547265625 0.009765625 0.048046875
2 0.39765625 0.5234375 0.0109375 0.03984375
2 0.251953125 0.48828125 0.010546875 0.03984375
2 0.315625 0.547265625 0.009375 0.05
2 0.713671875 0.5046875 0.0109375 0.0390625
2 0.290625 0.625 0.009375 0.051953125
2 0.726171875 0.576953125 0.008203125 0.046484375
1 0.965234375 0.5125 0.0109375 0.047265625
2 0.844140625 0.568359375 0.0140625 0.05
2 0.434765625 0.594140625 0.012109375 0.05078125
2 0.49921875 0.625390625 0.012109375 0.05078125
2 0.27421875 0.741015625 0.0140625 0.0640625
3 0.374609375 0.405078125 0.00859375 0.034765625
0 0.824609375 0.542578125 0.00546875 0.0109375