2 0.362890625 0.517578125 0.008203125 0.048046875
3 0.08984375 0.93828125 0.022265625 0.075
2 0.474609375 0.434375 0.009375 0.0390625
2 0.359375 0.522265625 0.010546875 0.05546875
0 0.019140625 0.3703125 0.008203125 0.012890625
2 0.597265625 0.455859375 0.009765625 0.0453125
2 0.366015625 0.4109375 0.009765625 0.046484375
2 0.608984375 0.44296875 0.009765625 0.043359375
2 0.427734375 0.81328125 0.0140625 0.076953125
2 0.483203125 0.480078125 0.009765625 0.0453125
3 0.5578125 0.565234375 0.011328125 0.062109375
2 0.5625 0.518359375 0.011328125 0.053515625
2 0.53046875 0.49453125 0.0109375 0.048046875
2 0.18203125 0.632421875 0.015234375 0.066796875
2 0.65078125 0.484375 0.012109375 0.053515625
2 0.298046875 0.4671875 0.0109375 0.052734375
2 0.762109375 0.634765625 0.0125 0.067578125
2 0.623828125 0.56796875 0.012890625 0.058203125
2 0.41953125 0.608984375 0.012109375 0.065625
2 0.430078125 0.667578125 0.016015625 0.066796875
2 0.705859375 0.55078125 0.014453125 0.059375
2 0.764453125 0.798046875 0.019140625 0.081640625
2 0.565625 0.710546875 0.014453125 0.067578125
3 0.5953125 0.3765625 0.0109375 0.040234375
0 0.366796875 0.43046875 0.00390625 0.008203125