2 0.433203125 0.4203125 0.010546875 0.040625
2 0.433203125 0.45703125 0.012109375 0.0453125
2 0.633203125 0.49765625 0.0203125 0.062109375
2 0.294140625 0.355859375 0.010546875 0.043359375
3 0.54453125 0.54453125 0.02109375 0.06328125
2 0.647265625 0.46796875 0.01875 0.058203125
2 0.6015625 0.4984375 0.015625 0.058203125
2 0.38515625 0.3859375 0.012109375 0.04453125
2 0.54609375 0.399609375 0.012109375 0.0453125
2 0.162109375 0.43046875 0.012890625 0.051953125
2 0.584375 0.50703125 0.023828125 0.062109375
2 0.676171875 0.687109375 0.01875 0.07421875
2 0.410546875 0.4828125 0.012890625 0.056640625
1 0.959375 0.4453125 0.020703125 0.057421875
2 0.32265625 0.533984375 0.018359375 0.0640625
2 0.682421875 0.502734375 0.019140625 0.057421875
2 0.38203125 0.591015625 0.012890625 0.067578125
2 0.669140625 0.578125 0.025390625 0.065625
2 0.825390625 0.814453125 0.033984375 0.078515625
3 0.137109375 0.9375 0.034375 0.102734375
2 0.256640625 0.64765625 0.018359375 0.078515625
2 0.78359375 0.78984375 0.0265625 0.0796875
2 0.856640625 0.671875 0.0265625 0.06953125
3 0.526171875 0.30859375 0.012890625 0.038671875
0 0.78984375 0.8078125 0.006640625 0.015625