0 0.189453125 0.546484375 0.005078125 0.0109375
2 0.38359375 0.400390625 0.006640625 0.032421875
2 0.457421875 0.435546875 0.008203125 0.034375
2 0.546875 0.441015625 0.009375 0.037890625
2 0.441015625 0.651953125 0.012890625 0.048046875
3 0.53359375 0.499609375 0.006640625 0.043359375
2 0.727734375 0.46953125 0.012890625 0.0390625
2 0.244140625 0.46328125 0.0109375 0.041796875
1 0.034375 0.499609375 0.008203125 0.047265625
2 0.61875 0.437890625 0.008203125 0.037109375
2 0.423828125 0.468359375 0.007421875 0.0390625
2 0.819140625 0.531640625 0.0140625 0.046484375
2 0.201171875 0.509765625 0.013671875 0.0453125
2 0.680078125 0.474609375 0.009375 0.041796875
2 0.301171875 0.56796875 0.019921875 0.03984375
2 0.3109375 0.507421875 0.009375 0.04453125
2 0.762109375 0.77578125 0.015625 0.068359375
2 0.73671875 0.623046875 0.012109375 0.053515625
2 0.3484375 0.515625 0.009375 0.04453125
2 0.553515625 0.587890625 0.009375 0.05
2 0.145703125 0.562109375 0.009765625 0.05
2 0.624609375 0.5140625 0.0140625 0.046484375
2 0.719140625 0.541796875 0.007421875 0.05
3 0.657421875 0.3890625 0.00859375 0.034375