2 0.751953125 0.49296875 0.0109375 0.047265625
2 0.638671875 0.34296875 0.015234375 0.037890625
2 0.525 0.362890625 0.017578125 0.03515625
3 0.540234375 0.477734375 0.020703125 0.053515625
2 0.43515625 0.41015625 0.015234375 0.04453125
2 0.837109375 0.41015625 0.016015625 0.048046875
2 0.764453125 0.519921875 0.022265625 0.058203125
2 0.49296875 0.408984375 0.018359375 0.041796875
2 0.870703125 0.4671875 0.018359375 0.0453125
2 0.60234375 0.46328125 0.012109375 0.04921875
2 0.436328125 0.4734375 0.01875 0.04921875
2 0.779296875 0.46796875 0.016015625 0.058203125
2 0.38359375 0.584375 0.016015625 0.062890625
2 0.570703125 0.584375 0.016796875 0.066796875
2 0.673046875 0.717578125 0.016796875 0.077734375
2 0.331640625 0.62265625 0.021484375 0.06953125
2 0.21015625 0.440625 0.0140625 0.053515625
2 0.832421875 0.678125 0.0203125 0.071484375
2 0.308203125 0.48984375 0.0234375 0.05546875
2 0.171484375 0.544921875 0.019921875 0.062109375
2 0.23359375 0.7296875 0.025390625 0.07421875
0 0.49453125 0.37578125 0.004296875 0.009375
3 0.296875 0.33671875 0.0140625 0.039453125