2 0.689453125 0.389453125 0.008203125 0.032421875
2 0.67265625 0.452734375 0.008984375 0.046484375
1 0.79296875 0.423828125 0.014453125 0.052734375
2 0.555078125 0.55703125 0.022265625 0.058203125
2 0.55859375 0.6078125 0.0234375 0.052734375
2 0.694921875 0.416796875 0.0125 0.051953125
2 0.7375 0.609765625 0.015625 0.066015625
2 0.499609375 0.46953125 0.014453125 0.05546875
2 0.6546875 0.455859375 0.014453125 0.04921875
2 0.586328125 0.420703125 0.014453125 0.047265625
2 0.59296875 0.623046875 0.015234375 0.068359375
2 0.817578125 0.61796875 0.01875 0.065625
2 0.676953125 0.503515625 0.015234375 0.062890625
2 0.297265625 0.734375 0.0265625 0.0703125
3 0.505859375 0.525390625 0.015625 0.062109375
2 0.578515625 0.649609375 0.0171875 0.076953125
2 0.758203125 0.608984375 0.015234375 0.062109375
2 0.8375 0.503125 0.013671875 0.062109375
2 0.283203125 0.70703125 0.0203125 0.073046875
2 0.291015625 0.469921875 0.014453125 0.06015625
2 0.479296875 0.6359375 0.017578125 0.07578125
2 0.132421875 0.610546875 0.0265625 0.073046875
0 0.5640625 0.625390625 0.005859375 0.0109375
3 0.020703125 0.33359375 0.012890625 0.0421875