2 0.314453125 0.425 0.017578125 0.037109375
1 0.216796875 0.447265625 0.016796875 0.033203125
2 0.32890625 0.422265625 0.0109375 0.04453125
2 0.3171875 0.458984375 0.017578125 0.041796875
2 0.447265625 0.419140625 0.0125 0.043359375
2 0.2703125 0.45546875 0.019921875 0.04453125
2 0.107421875 0.525 0.015234375 0.04453125
2 0.45390625 0.45 0.016015625 0.046484375
3 0.477734375 0.471484375 0.009375 0.05546875
2 0.14765625 0.5015625 0.012109375 0.04921875
2 0.399609375 0.426953125 0.009765625 0.040625
2 0.341015625 0.468359375 0.020703125 0.048046875
2 0.265234375 0.501953125 0.0109375 0.057421875
2 0.3671875 0.512890625 0.013671875 0.057421875
2 0.6015625 0.43203125 0.013671875 0.052734375
2 0.158984375 0.53671875 0.015234375 0.0546875
2 0.373046875 0.585546875 0.016015625 0.062109375
2 0.841015625 0.4859375 0.010546875 0.059375
2 0.29296875 0.558203125 0.012109375 0.0703125
2 0.8015625 0.61171875 0.015625 0.071484375
2 0.738671875 0.559375 0.0125 0.062890625
2 0.509765625 0.614453125 0.0171875 0.073046875
0 0.10234375 0.54140625 0.00703125 0.01484375