2 0.607421875 0.1765625 0.01640625 0.033984375
3 0.93359375 0.980859375 0.0140625 0.037890625
2 0.540234375 0.233203125 0.015234375 0.037109375
3 0.484765625 0.1671875 0.008984375 0.03046875
2 0.695703125 0.2390625 0.0125 0.0390625
2 0.549609375 0.237890625 0.012890625 0.04453125
2 0.641015625 0.2140625 0.010546875 0.040625
1 0.031640625 0.3328125 0.012890625 0.058203125
2 0.69296875 0.2703125 0.016015625 0.048046875
2 0.558984375 0.2765625 0.0109375 0.05078125
2 0.665234375 0.25234375 0.016015625 0.043359375
2 0.527734375 0.285546875 0.009765625 0.052734375
2 0.430078125 0.274609375 0.0109375 0.05078125
2 0.394140625 0.33203125 0.011328125 0.062109375
2 0.3609375 0.342578125 0.011328125 0.059375
2 0.559375 0.362109375 0.0125 0.059375
2 0.764453125 0.308984375 0.012109375 0.058203125
3 0.529296875 0.359765625 0.012109375 0.062109375
2 0.34375 0.397265625 0.013671875 0.066796875
2 0.524609375 0.514453125 0.016015625 0.06953125
2 0.424609375 0.430078125 0.012890625 0.0640625
2 0.877734375 0.412890625 0.0171875 0.066796875
2 0.2953125 0.451953125 0.0125 0.066796875
2 0.441796875 0.69296875 0.021484375 0.093359375
0 0.69140625 0.257421875 0.0046875 0.008984375