2 0.2109375 0.325 0.014453125 0.042578125
2 0.149609375 0.418359375 0.009765625 0.059375
2 0.2203125 0.31171875 0.011328125 0.0453125
2 0.332421875 0.2375 0.0109375 0.03984375
2 0.4 0.226953125 0.017578125 0.046484375
2 0.31484375 0.230859375 0.0078125 0.037890625
1 0.094921875 0.337109375 0.009375 0.059375
2 0.14453125 0.365625 0.009765625 0.053515625
2 0.455859375 0.24921875 0.011328125 0.042578125
2 0.3015625 0.28984375 0.008203125 0.053515625
2 0.598828125 0.241015625 0.014453125 0.041796875
2 0.185546875 0.31328125 0.011328125 0.0546875
3 0.419921875 0.279296875 0.0109375 0.05078125
2 0.23203125 0.37734375 0.012109375 0.06015625
2 0.112890625 0.384765625 0.015625 0.06015625
2 0.3171875 0.32734375 0.016796875 0.056640625
2 0.4390625 0.453515625 0.015625 0.068359375
2 0.728515625 0.341796875 0.0109375 0.062890625
2 0.75234375 0.34765625 0.015234375 0.0640625
2 0.509765625 0.305859375 0.014453125 0.0546875
2 0.838671875 0.30234375 0.0109375 0.058203125
0 0.436328125 0.2671875 0.0046875 0.008984375
2 0.33515625 0.224609375 0.0109375 0.049609375