0 0.591796875 0.471875 0.00625 0.01015625
2 0.388671875 0.1953125 0.0078125 0.03515625
2 0.387109375 0.333203125 0.0140625 0.05
3 0.491796875 0.328515625 0.0203125 0.051171875
2 0.742578125 0.258203125 0.011328125 0.04453125
2 0.486328125 0.269921875 0.0140625 0.0453125
2 0.261328125 0.2859375 0.010546875 0.048046875
2 0.33671875 0.321875 0.0140625 0.047265625
2 0.366796875 0.39296875 0.015625 0.06015625
2 0.285546875 0.2578125 0.013671875 0.0453125
2 0.216015625 0.323046875 0.0109375 0.053515625
2 0.873828125 0.369140625 0.013671875 0.056640625
2 0.608984375 0.43828125 0.025 0.058203125
2 0.340625 0.475390625 0.019921875 0.058203125
2 0.909765625 0.3875 0.0171875 0.058203125
2 0.2515625 0.399609375 0.014453125 0.052734375
2 0.184765625 0.416015625 0.018359375 0.06015625
2 0.341015625 0.871484375 0.0328125 0.090625
2 0.184765625 0.533984375 0.0171875 0.071484375
2 0.43203125 0.585546875 0.022265625 0.073046875
2 0.30390625 0.53671875 0.018359375 0.071484375
2 0.11640625 0.537109375 0.016015625 0.06484375
3 0.7390625 0.193359375 0.012890625 0.03984375