1 0.879296875 0.3453125 0.0140625 0.048046875
2 0.515234375 0.252734375 0.009375 0.05390625
2 0.837890625 0.333984375 0.015234375 0.051171875
2 0.577734375 0.221875 0.0140625 0.0546875
2 0.522265625 0.223046875 0.0125 0.048046875
2 0.52109375 0.265234375 0.012890625 0.052734375
2 0.88671875 0.376953125 0.012109375 0.059375
2 0.551953125 0.234765625 0.013671875 0.05078125
2 0.72265625 0.31015625 0.0109375 0.048046875
2 0.405859375 0.312109375 0.0109375 0.062890625
2 0.387109375 0.230078125 0.009765625 0.05078125
3 0.4609375 0.27578125 0.021875 0.059375
2 0.5921875 0.3296875 0.010546875 0.051953125
2 0.545703125 0.281640625 0.0125 0.0609375
2 0.84296875 0.380078125 0.015234375 0.065625
2 0.702734375 0.303125 0.012890625 0.058203125
2 0.791015625 0.39921875 0.012109375 0.062890625
2 0.741796875 0.323046875 0.015625 0.066796875
2 0.204296875 0.339453125 0.012890625 0.071484375
2 0.168359375 0.354296875 0.021484375 0.06953125
2 0.4640625 0.470703125 0.016796875 0.076953125
2 0.08515625 0.290625 0.018359375 0.066796875