2 0.538671875 0.380859375 0.008203125 0.034375
0 0.744921875 0.55703125 0.005859375 0.01015625
2 0.429296875 0.3 0.007421875 0.033203125
2 0.536328125 0.3984375 0.009765625 0.041796875
2 0.566015625 0.33515625 0.007421875 0.03515625
2 0.453515625 0.602734375 0.016796875 0.051953125
2 0.412109375 0.354296875 0.0078125 0.037890625
2 0.505078125 0.374609375 0.008203125 0.043359375
2 0.396484375 0.435546875 0.010546875 0.0453125
2 0.379296875 0.403515625 0.008984375 0.042578125
2 0.258203125 0.54453125 0.0109375 0.048046875
1 0.075 0.4140625 0.0125 0.046484375
2 0.441796875 0.335546875 0.008203125 0.037890625
2 0.33359375 0.44765625 0.012890625 0.047265625
2 0.775390625 0.383984375 0.008984375 0.041796875
2 0.355078125 0.41796875 0.012109375 0.047265625
2 0.474609375 0.4859375 0.010546875 0.051953125
2 0.774609375 0.46953125 0.012890625 0.048046875
2 0.663671875 0.473046875 0.009765625 0.05
3 0.521484375 0.39765625 0.012890625 0.041796875
2 0.76328125 0.562890625 0.015234375 0.057421875
2 0.173046875 0.73046875 0.019140625 0.059375
3 0.047265625 0.8578125 0.029296875 0.084375
3 0.746875 0.291796875 0.00859375 0.0328125
2 0.487890625 0.286328125 0.01015625 0.03515625