2 0.398828125 0.349609375 0.0125 0.05078125
2 0.366796875 0.387109375 0.017578125 0.042578125
1 0.25546875 0.435546875 0.0140625 0.04921875
2 0.263671875 0.458984375 0.0171875 0.067578125
2 0.453125 0.37578125 0.011328125 0.057421875
2 0.237109375 0.478515625 0.0140625 0.0609375
2 0.483984375 0.482421875 0.016015625 0.06484375
2 0.32734375 0.484765625 0.025390625 0.065625
2 0.269140625 0.5171875 0.027734375 0.078515625
2 0.640234375 0.385546875 0.021484375 0.0640625
2 0.304296875 0.442578125 0.023046875 0.057421875
3 0.748046875 0.344921875 0.015625 0.062109375
2 0.4203125 0.447265625 0.016796875 0.072265625
2 0.522265625 0.369140625 0.0265625 0.0640625
2 0.38046875 0.425390625 0.021484375 0.06015625
2 0.418359375 0.48984375 0.028515625 0.0609375
2 0.61953125 0.459375 0.012109375 0.07578125
2 0.767578125 0.330078125 0.015234375 0.062109375
2 0.561328125 0.5203125 0.016015625 0.081640625
2 0.27890625 0.562109375 0.0234375 0.096484375
2 0.915234375 0.551953125 0.024609375 0.083203125
0 0.391015625 0.374609375 0.006640625 0.009765625