2 0.3203125 0.21796875 0.012890625 0.053125
0 0.805859375 0.319140625 0.005859375 0.01015625
3 0.412890625 0.07734375 0.009375 0.0453125
2 0.396484375 0.371484375 0.015234375 0.07265625
2 0.534765625 0.089453125 0.010546875 0.0453125
2 0.155078125 0.625390625 0.026953125 0.091796875
2 0.320703125 0.233984375 0.0109375 0.0640625
2 0.477734375 0.2421875 0.010546875 0.062109375
3 0.39375 0.3875 0.013671875 0.073046875
2 0.56953125 0.175 0.009765625 0.053515625
2 0.819140625 0.287109375 0.019140625 0.06484375
2 0.4359375 0.303125 0.016796875 0.056640625
2 0.158203125 0.582421875 0.026953125 0.083203125
2 0.271484375 0.32578125 0.014453125 0.066796875
2 0.540234375 0.290625 0.0125 0.066796875
2 0.655078125 0.302734375 0.013671875 0.068359375
2 0.240625 0.39453125 0.014453125 0.07421875
2 0.389453125 0.462890625 0.0203125 0.07578125
2 0.228515625 0.4125 0.021875 0.076953125
2 0.8359375 0.51015625 0.023046875 0.0890625
2 0.64453125 0.523046875 0.0234375 0.083203125
2 0.386328125 0.557421875 0.023046875 0.08515625
2 0.323046875 0.899609375 0.030078125 0.112109375