2 0.346875 0.330859375 0.007421875 0.034375
1 0.198828125 0.34296875 0.009765625 0.0359375
2 0.34140625 0.3453125 0.0078125 0.03515625
3 0.419921875 0.27734375 0.006640625 0.026953125
2 0.44140625 0.310546875 0.005859375 0.028515625
2 0.32734375 0.326953125 0.0078125 0.037109375
2 0.683984375 0.31953125 0.0078125 0.027734375
2 0.500390625 0.3171875 0.007421875 0.034375
2 0.296875 0.346484375 0.0125 0.0390625
2 0.362890625 0.354296875 0.008984375 0.0359375
2 0.330078125 0.380859375 0.012890625 0.041796875
2 0.3875 0.32734375 0.008203125 0.03984375
2 0.49921875 0.358203125 0.008203125 0.042578125
2 0.56484375 0.32265625 0.0078125 0.037890625
2 0.265625 0.371484375 0.009375 0.04453125
2 0.800390625 0.347265625 0.0078125 0.0390625
2 0.767578125 0.340625 0.012109375 0.03515625
2 0.816015625 0.455078125 0.012109375 0.058203125
2 0.799609375 0.437890625 0.012109375 0.057421875
2 0.866796875 0.412109375 0.0125 0.051953125
3 0.96484375 0.871875 0.025390625 0.112109375
3 0.500390625 0.3421875 0.017578125 0.03984375
2 0.4640625 0.288671875 0.0109375 0.027734375
2 0.47578125 0.29609375 0.009375 0.031640625
0 0.4828125 0.298828125 0.0046875 0.008203125