2 0.401171875 0.299609375 0.008984375 0.03046875
2 0.488671875 0.327734375 0.0078125 0.033203125
2 0.398828125 0.362109375 0.006640625 0.03515625
2 0.575 0.381640625 0.008203125 0.0390625
2 0.509765625 0.447265625 0.009375 0.046484375
2 0.36875 0.384765625 0.008203125 0.0359375
2 0.448046875 0.399609375 0.009375 0.03984375
2 0.626953125 0.630859375 0.011328125 0.06015625
2 0.4859375 0.480078125 0.009375 0.047265625
2 0.301953125 0.401953125 0.010546875 0.0390625
2 0.272265625 0.341015625 0.0078125 0.0359375
2 0.583203125 0.4125 0.009375 0.043359375
2 0.288671875 0.453125 0.009765625 0.047265625
2 0.612890625 0.462109375 0.009765625 0.048046875
2 0.27734375 0.38671875 0.006640625 0.037890625
2 0.601171875 0.459375 0.007421875 0.051953125
2 0.08359375 0.475 0.008984375 0.04453125
2 0.4953125 0.4921875 0.0125 0.047265625
1 0.916015625 0.412890625 0.012109375 0.04453125
2 0.26875 0.680859375 0.015625 0.067578125
2 0.645703125 0.79296875 0.016796875 0.073046875
0 0.096875 0.494140625 0.005078125 0.01015625
2 0.559765625 0.283984375 0.006640625 0.02890625
2 0.57734375 0.375390625 0.00859375 0.03828125