3 0.888671875 0.26953125 0.008203125 0.033203125
1 0.16640625 0.34296875 0.016015625 0.0359375
2 0.346484375 0.355859375 0.0125 0.040234375
2 0.65 0.334375 0.009375 0.042578125
3 0.5234375 0.3796875 0.009375 0.046484375
2 0.47421875 0.4140625 0.0109375 0.046484375
2 0.59296875 0.45703125 0.008984375 0.056640625
2 0.601171875 0.452734375 0.015625 0.057421875
2 0.853125 0.466796875 0.011328125 0.059375
2 0.322265625 0.3625 0.016796875 0.03984375
2 0.79765625 0.74296875 0.015234375 0.076953125
2 0.269921875 0.410546875 0.0171875 0.047265625
2 0.4359375 0.389453125 0.014453125 0.047265625
2 0.489453125 0.366015625 0.016015625 0.047265625
2 0.455078125 0.443359375 0.010546875 0.053515625
2 0.887890625 0.60234375 0.017578125 0.071484375
2 0.835546875 0.454296875 0.016796875 0.052734375
2 0.574609375 0.50703125 0.0125 0.058203125
2 0.260546875 0.512109375 0.014453125 0.053515625
2 0.867578125 0.720703125 0.020703125 0.084375
2 0.61484375 0.594921875 0.0234375 0.06015625
2 0.340625 0.349609375 0.0109375 0.0375
2 0.35 0.3453125 0.015234375 0.046875