2 0.111328125 0.4875 0.009765625 0.03984375
2 0.121875 0.4890625 0.0125 0.04453125
2 0.565625 0.38203125 0.008203125 0.034375
3 0.487109375 0.459375 0.008203125 0.04453125
2 0.3125 0.4265625 0.008203125 0.043359375
2 0.432421875 0.48828125 0.009765625 0.04921875
2 0.39765625 0.417578125 0.0078125 0.0390625
2 0.806640625 0.455859375 0.0109375 0.03984375
2 0.555859375 0.427734375 0.0109375 0.040625
2 0.373828125 0.5109375 0.0109375 0.051953125
2 0.705859375 0.4046875 0.0125 0.037109375
2 0.359375 0.5484375 0.014453125 0.05078125
2 0.51328125 0.625 0.012109375 0.059375
2 0.821875 0.831640625 0.019921875 0.081640625
2 0.866796875 0.556640625 0.012890625 0.05546875
2 0.351171875 0.649609375 0.011328125 0.06015625
2 0.4734375 0.6609375 0.016796875 0.062890625
2 0.582421875 0.540234375 0.009375 0.052734375
2 0.745703125 0.583984375 0.011328125 0.0546875
2 0.43984375 0.671484375 0.0109375 0.057421875
2 0.851171875 0.7296875 0.020703125 0.07421875
3 0.918359375 0.353515625 0.00859375 0.03515625