2 0.329296875 0.3578125 0.009765625 0.032421875
1 0.908984375 0.36953125 0.009375 0.033203125
2 0.43125 0.371484375 0.014453125 0.037109375
2 0.541796875 0.322265625 0.0078125 0.033203125
2 0.638671875 0.39453125 0.014453125 0.037109375
2 0.580078125 0.403515625 0.012890625 0.037109375
2 0.441796875 0.465625 0.009375 0.046484375
3 0.47890625 0.4421875 0.0140625 0.0453125
2 0.723046875 0.410546875 0.0078125 0.047265625
2 0.70703125 0.555078125 0.015234375 0.04921875
2 0.312109375 0.415625 0.0078125 0.046484375
2 0.513671875 0.5078125 0.008984375 0.052734375
2 0.278515625 0.4359375 0.0140625 0.048046875
3 0.93828125 0.75546875 0.024609375 0.077734375
2 0.213671875 0.56015625 0.0109375 0.059375
2 0.7734375 0.533984375 0.013671875 0.058203125
2 0.6140625 0.51015625 0.011328125 0.051953125
2 0.629296875 0.47578125 0.010546875 0.046484375
2 0.426953125 0.482421875 0.018359375 0.046484375
2 0.541015625 0.493359375 0.014453125 0.051953125
2 0.28515625 0.672265625 0.021484375 0.0609375
2 0.378515625 0.590234375 0.018359375 0.0546875
2 0.206640625 0.668359375 0.0234375 0.066796875
0 0.6046875 0.479296875 0.005078125 0.0125
3 0.26875 0.258203125 0.008984375 0.03359375