2 0.638671875 0.58984375 0.009765625 0.0390625
0 0.4703125 0.728515625 0.00625 0.0109375
2 0.578515625 0.373046875 0.008984375 0.040625
2 0.636328125 0.633203125 0.023046875 0.06484375
2 0.801953125 0.70546875 0.011328125 0.06484375
2 0.357421875 0.387109375 0.008203125 0.0390625
1 0.857421875 0.4125 0.014453125 0.043359375
2 0.54609375 0.562890625 0.0109375 0.051953125
2 0.558203125 0.425 0.008203125 0.04453125
2 0.76328125 0.5921875 0.009765625 0.06015625
2 0.646484375 0.414453125 0.012109375 0.0453125
2 0.6609375 0.420703125 0.009375 0.0453125
2 0.69609375 0.48671875 0.008984375 0.05078125
3 0.546484375 0.500390625 0.012109375 0.04921875
3 0.165625 0.93984375 0.019921875 0.081640625
2 0.792578125 0.609765625 0.014453125 0.062109375
2 0.24296875 0.644140625 0.016015625 0.0640625
2 0.595703125 0.6859375 0.0234375 0.068359375
2 0.26640625 0.467578125 0.012109375 0.05
2 0.401171875 0.509375 0.015625 0.046484375
2 0.622265625 0.73984375 0.011328125 0.072265625
2 0.4609375 0.7046875 0.011328125 0.068359375
2 0.49375 0.574609375 0.0125 0.0546875
2 0.316015625 0.62265625 0.012890625 0.067578125
3 0.545703125 0.291796875 0.009375 0.031640625