2 0.676953125 0.41796875 0.012109375 0.03984375
2 0.883203125 0.480078125 0.015625 0.0453125
2 0.62265625 0.422265625 0.006640625 0.042578125
2 0.865234375 0.487109375 0.011328125 0.048046875
2 0.530078125 0.478515625 0.012890625 0.046484375
2 0.574609375 0.5015625 0.0078125 0.04921875
2 0.417578125 0.374609375 0.0078125 0.032421875
2 0.234375 0.58046875 0.009375 0.053515625
3 0.51015625 0.4515625 0.0109375 0.043359375
2 0.687890625 0.59453125 0.009765625 0.059375
2 0.17421875 0.4515625 0.0109375 0.041796875
2 0.196484375 0.434765625 0.009375 0.041796875
2 0.4109375 0.42265625 0.0125 0.041796875
2 0.45859375 0.583984375 0.0109375 0.0546875
2 0.603515625 0.701953125 0.020703125 0.06484375
2 0.364453125 0.530078125 0.0125 0.052734375
2 0.112109375 0.70703125 0.017578125 0.06953125
2 0.535546875 0.63046875 0.012109375 0.0609375
2 0.1078125 0.541796875 0.014453125 0.053515625
2 0.12890625 0.805078125 0.018359375 0.078515625
2 0.440234375 0.742578125 0.025 0.066796875
3 0.080078125 0.35625 0.011328125 0.039453125