2 0.194140625 0.30234375 0.009375 0.026953125
2 0.28125 0.29921875 0.007421875 0.0296875
2 0.59765625 0.40703125 0.009765625 0.047265625
1 0.979296875 0.430078125 0.009375 0.04921875
2 0.115625 0.42421875 0.013671875 0.044140625
2 0.43828125 0.32421875 0.006640625 0.03515625
2 0.40078125 0.374609375 0.0078125 0.03984375
2 0.594140625 0.50078125 0.010546875 0.05546875
2 0.494921875 0.458984375 0.0078125 0.047265625
2 0.319921875 0.359765625 0.011328125 0.037890625
2 0.370703125 0.371484375 0.009375 0.0390625
2 0.59140625 0.3671875 0.0078125 0.041796875
3 0.38828125 0.4234375 0.012109375 0.0453125
2 0.473046875 0.478125 0.009765625 0.05078125
2 0.177734375 0.5109375 0.014453125 0.051953125
2 0.590625 0.573046875 0.015625 0.057421875
2 0.19765625 0.4203125 0.012890625 0.04453125
2 0.444140625 0.705859375 0.013671875 0.065625
2 0.408984375 0.7078125 0.0171875 0.06953125
2 0.176171875 0.6453125 0.021875 0.062890625
2 0.11953125 0.413671875 0.0125 0.044921875
0 0.203125 0.312890625 0.003125 0.00625
3 0.600390625 0.286328125 0.008203125 0.03046875