3 0.480859375 0.28984375 0.006640625 0.027734375
2 0.502734375 0.35078125 0.010546875 0.03515625
2 0.634765625 0.333984375 0.0078125 0.032421875
2 0.55625 0.5984375 0.014453125 0.043359375
2 0.616796875 0.45078125 0.006640625 0.042578125
2 0.3953125 0.43828125 0.010546875 0.0453125
2 0.283203125 0.674609375 0.0109375 0.05078125
2 0.7875 0.392578125 0.009375 0.0390625
2 0.514453125 0.46328125 0.009765625 0.0453125
2 0.673828125 0.415234375 0.00625 0.03984375
2 0.402734375 0.40703125 0.009375 0.047265625
2 0.65 0.7546875 0.014453125 0.07421875
2 0.28359375 0.728125 0.015234375 0.067578125
2 0.383984375 0.496484375 0.0109375 0.048046875
2 0.627734375 0.476953125 0.008984375 0.05
2 0.6921875 0.5234375 0.013671875 0.0453125
1 0.1671875 0.406640625 0.010546875 0.042578125
3 0.973828125 0.9625 0.0171875 0.075
2 0.374609375 0.496484375 0.008203125 0.051953125
2 0.492578125 0.39765625 0.007421875 0.03984375
3 0.473046875 0.479296875 0.0109375 0.05078125
2 0.445703125 0.5296875 0.012890625 0.05
2 0.834765625 0.5484375 0.020703125 0.052734375
0 0.834765625 0.5703125 0.005859375 0.011328125