2 0.401171875 0.2765625 0.008203125 0.03046875
2 0.7015625 0.309375 0.010546875 0.0390625
2 0.342578125 0.39296875 0.009765625 0.043359375
2 0.430859375 0.31796875 0.010546875 0.034375
2 0.20703125 0.372265625 0.008984375 0.040625
2 0.24296875 0.342578125 0.006640625 0.037109375
2 0.248828125 0.52421875 0.0078125 0.05546875
2 0.256640625 0.4734375 0.009765625 0.04921875
2 0.21484375 0.358984375 0.0078125 0.041796875
2 0.224609375 0.57734375 0.0109375 0.06015625
1 0.789453125 0.384375 0.0140625 0.048046875
2 0.898046875 0.466796875 0.010546875 0.048046875
2 0.295703125 0.352734375 0.0078125 0.037109375
2 0.657421875 0.421875 0.008203125 0.04921875
2 0.549609375 0.380859375 0.0078125 0.03984375
3 0.371875 0.3859375 0.007421875 0.042578125
2 0.203515625 0.4890625 0.008984375 0.05546875
2 0.569140625 0.4171875 0.008203125 0.04921875
2 0.27578125 0.612890625 0.016015625 0.062890625
2 0.649609375 0.76484375 0.019140625 0.07421875
2 0.355078125 0.603515625 0.012109375 0.062890625
2 0.491015625 0.6234375 0.013671875 0.062109375
3 0.146484375 0.930859375 0.025390625 0.0859375
0 0.771484375 0.404296875 0.00546875 0.010546875
3 0.640625 0.24453125 0.009375 0.03359375