2 0.340234375 0.307421875 0.009765625 0.027734375
2 0.59296875 0.444921875 0.0078125 0.043359375
2 0.365234375 0.3609375 0.009375 0.037109375
2 0.460546875 0.32265625 0.009375 0.034375
2 0.402734375 0.380078125 0.008203125 0.037890625
2 0.555078125 0.375 0.0109375 0.038671875
2 0.25390625 0.329296875 0.008984375 0.0359375
2 0.571875 0.395703125 0.007421875 0.041796875
2 0.493359375 0.441796875 0.010546875 0.048046875
2 0.226171875 0.37265625 0.0109375 0.037890625
2 0.593359375 0.490625 0.0109375 0.05546875
1 0.928515625 0.412109375 0.009765625 0.046484375
2 0.448046875 0.472265625 0.010546875 0.05
2 0.290234375 0.40234375 0.009375 0.03984375
2 0.326171875 0.381640625 0.006640625 0.040625
3 0.478515625 0.425390625 0.007421875 0.0453125
2 0.0765625 0.4609375 0.011328125 0.048046875
2 0.196875 0.435546875 0.013671875 0.04921875
2 0.605078125 0.621484375 0.015234375 0.057421875
2 0.24296875 0.647265625 0.0140625 0.06484375
2 0.556640625 0.717578125 0.019921875 0.066796875
0 0.23671875 0.38828125 0.005078125 0.010546875
2 0.553515625 0.365234375 0.009765625 0.04375
3 0.55234375 0.28359375 0.007421875 0.030078125