2 0.89609375 0.534375 0.016015625 0.042578125
2 0.559765625 0.4171875 0.0078125 0.0359375
2 0.5859375 0.455859375 0.007421875 0.0359375
2 0.602734375 0.494140625 0.012109375 0.041796875
2 0.383984375 0.43984375 0.008203125 0.03515625
2 0.544921875 0.464453125 0.009765625 0.037890625
2 0.36953125 0.4375 0.006640625 0.037890625
2 0.726171875 0.52265625 0.008203125 0.0453125
2 0.40625 0.5453125 0.010546875 0.048046875
2 0.582421875 0.5296875 0.008984375 0.046484375
2 0.119140625 0.5546875 0.009375 0.053515625
2 0.390234375 0.5390625 0.009375 0.048046875
2 0.608984375 0.590234375 0.008984375 0.05078125
2 0.136328125 0.637109375 0.009375 0.0609375
2 0.597265625 0.599609375 0.0109375 0.056640625
2 0.78828125 0.583203125 0.012890625 0.05
3 0.094921875 0.8140625 0.0140625 0.083203125
2 0.152734375 0.637109375 0.0140625 0.062890625
2 0.91875 0.54140625 0.008203125 0.044140625
2 0.908984375 0.54609375 0.011328125 0.043359375
1 0.640625 0.416796875 0.01015625 0.0359375
2 0.56875 0.42109375 0.01015625 0.036328125