2 0.548828125 0.409375 0.00625 0.027734375
2 0.278515625 0.444921875 0.008203125 0.03046875
2 0.539453125 0.41953125 0.006640625 0.02578125
2 0.655859375 0.437109375 0.010546875 0.03515625
2 0.187890625 0.496484375 0.011328125 0.03515625
2 0.50390625 0.48203125 0.0078125 0.034375
2 0.618359375 0.515234375 0.009765625 0.03984375
2 0.21171875 0.494140625 0.008984375 0.0359375
2 0.326953125 0.5046875 0.0078125 0.037109375
2 0.119140625 0.631640625 0.01953125 0.0484375
2 0.597265625 0.705078125 0.015625 0.06015625
3 0.35078125 0.5375 0.017578125 0.044140625
2 0.604296875 0.530859375 0.009375 0.041796875
2 0.358203125 0.56796875 0.019140625 0.043359375
2 0.071484375 0.569921875 0.0203125 0.0453125
2 0.30546875 0.503125 0.0140625 0.041796875
1 0.8671875 0.46171875 0.011328125 0.034375
2 0.81953125 0.570703125 0.0109375 0.05078125
2 0.87734375 0.595703125 0.0171875 0.04921875
3 0.91640625 0.69296875 0.016796875 0.06015625
2 0.738671875 0.670703125 0.015625 0.056640625
2 0.1515625 0.68515625 0.026171875 0.053515625
2 0.39453125 0.428125 0.01015625 0.03203125
0 0.0765625 0.56796875 0.00625 0.010546875