2 0.443359375 0.416796875 0.012109375 0.033203125
2 0.733203125 0.45234375 0.0109375 0.03984375
2 0.419921875 0.428515625 0.008984375 0.0390625
2 0.30546875 0.508203125 0.012890625 0.046484375
2 0.855859375 0.5984375 0.0125 0.058203125
2 0.86171875 0.571484375 0.0140625 0.057421875
2 0.156640625 0.584375 0.016015625 0.046484375
2 0.384765625 0.4421875 0.008203125 0.041796875
2 0.107421875 0.61328125 0.01953125 0.058203125
2 0.512109375 0.471875 0.008984375 0.041796875
2 0.662109375 0.57265625 0.010546875 0.058203125
2 0.316796875 0.579296875 0.0140625 0.052734375
2 0.666015625 0.442578125 0.00625 0.040625
2 0.228125 0.63984375 0.015625 0.05546875
3 0.44296875 0.509375 0.012890625 0.048046875
2 0.83359375 0.615234375 0.012890625 0.06015625
2 0.408203125 0.59453125 0.0109375 0.057421875
3 0.890234375 0.826953125 0.022265625 0.085546875
2 0.649609375 0.583984375 0.019921875 0.0546875
2 0.422265625 0.644140625 0.019140625 0.058203125
2 0.248828125 0.63984375 0.0125 0.057421875
2 0.465234375 0.671484375 0.0171875 0.068359375
1 0.273046875 0.414453125 0.0109375 0.041015625
0 0.11484375 0.59453125 0.00546875 0.01015625
3 0.53046875 0.34296875 0.007421875 0.028515625