2 0.451171875 0.409375 0.00625 0.027734375
2 0.721484375 0.444921875 0.008203125 0.03046875
2 0.460546875 0.41953125 0.006640625 0.02578125
2 0.344140625 0.437109375 0.010546875 0.03515625
2 0.812109375 0.496484375 0.011328125 0.03515625
2 0.49609375 0.48203125 0.0078125 0.034375
2 0.381640625 0.515234375 0.009765625 0.03984375
2 0.78828125 0.494140625 0.008984375 0.0359375
2 0.673046875 0.5046875 0.0078125 0.037109375
2 0.880859375 0.631640625 0.01953125 0.0484375
2 0.402734375 0.705078125 0.015625 0.06015625
3 0.64921875 0.5375 0.017578125 0.044140625
2 0.395703125 0.530859375 0.009375 0.041796875
2 0.641796875 0.56796875 0.019140625 0.043359375
2 0.928515625 0.569921875 0.0203125 0.0453125
2 0.69453125 0.503125 0.0140625 0.041796875
1 0.1328125 0.46171875 0.011328125 0.034375
2 0.18046875 0.570703125 0.0109375 0.05078125
2 0.12265625 0.595703125 0.0171875 0.04921875
3 0.08359375 0.69296875 0.016796875 0.06015625
2 0.261328125 0.670703125 0.015625 0.056640625
2 0.8484375 0.68515625 0.026171875 0.053515625
2 0.60546875 0.428125 0.01015625 0.03203125
0 0.9234375 0.56796875 0.00625 0.010546875