3 0.366015625 0.28828125 0.008203125 0.043359375
2 0.681640625 0.329296875 0.008203125 0.041796875
2 0.7625 0.346875 0.009375 0.05078125
2 0.61171875 0.371875 0.012890625 0.0546875
2 0.582421875 0.365625 0.015234375 0.048046875
2 0.75625 0.453515625 0.015625 0.062890625
2 0.452734375 0.3140625 0.016015625 0.040625
2 0.42109375 0.408984375 0.0109375 0.05234375
2 0.66328125 0.3953125 0.0109375 0.053515625
3 0.714453125 0.4171875 0.011328125 0.0640625
2 0.74140625 0.469921875 0.012890625 0.06953125
2 0.465625 0.4765625 0.01875 0.073046875
2 0.202734375 0.52734375 0.016015625 0.076953125
2 0.8953125 0.518359375 0.017578125 0.0796875
2 0.3234375 0.412890625 0.019921875 0.062890625
2 0.419921875 0.754296875 0.017578125 0.09921875
2 0.493359375 0.48046875 0.013671875 0.066796875
2 0.8328125 0.416015625 0.016796875 0.065625
2 0.916015625 0.494140625 0.018359375 0.075
2 0.86328125 0.63828125 0.022265625 0.0859375
2 0.7046875 0.619140625 0.015625 0.087890625
2 0.928515625 0.594921875 0.019140625 0.084375
0 0.421875 0.38125 0.005078125 0.010546875