2 0.30390625 0.373046875 0.0109375 0.040625
2 0.491796875 0.366796875 0.00625 0.033203125
2 0.66484375 0.374609375 0.009765625 0.043359375
2 0.135546875 0.458984375 0.0109375 0.052734375
2 0.20703125 0.3984375 0.012109375 0.037890625
2 0.273046875 0.430859375 0.010546875 0.043359375
2 0.473046875 0.387109375 0.008984375 0.0390625
2 0.317578125 0.41328125 0.008984375 0.0453125
2 0.837109375 0.51015625 0.013671875 0.057421875
2 0.5734375 0.422265625 0.010546875 0.048046875
2 0.133203125 0.494921875 0.013671875 0.058203125
2 0.187890625 0.56015625 0.014453125 0.057421875
1 0.858203125 0.406640625 0.010546875 0.046484375
2 0.30703125 0.53046875 0.0109375 0.053515625
2 0.599609375 0.40703125 0.008203125 0.041796875
2 0.284765625 0.480859375 0.0140625 0.05078125
2 0.116796875 0.50703125 0.013671875 0.058203125
2 0.475390625 0.55703125 0.0140625 0.058203125
3 0.40078125 0.458984375 0.0109375 0.047265625
2 0.6453125 0.47421875 0.011328125 0.05546875
2 0.683203125 0.652734375 0.01875 0.072265625
3 0.1453125 0.358984375 0.011328125 0.040625
2 0.53046875 0.3484375 0.01171875 0.03828125
0 0.823046875 0.534765625 0.006640625 0.012890625