2 0.10390625 0.534375 0.016015625 0.042578125
2 0.440234375 0.4171875 0.0078125 0.0359375
2 0.4140625 0.455859375 0.007421875 0.0359375
2 0.397265625 0.494140625 0.012109375 0.041796875
2 0.616015625 0.43984375 0.008203125 0.03515625
2 0.455078125 0.464453125 0.009765625 0.037890625
2 0.63046875 0.4375 0.006640625 0.037890625
2 0.273828125 0.52265625 0.008203125 0.0453125
2 0.59375 0.5453125 0.010546875 0.048046875
2 0.417578125 0.5296875 0.008984375 0.046484375
2 0.880859375 0.5546875 0.009375 0.053515625
2 0.609765625 0.5390625 0.009375 0.048046875
2 0.391015625 0.590234375 0.008984375 0.05078125
2 0.863671875 0.637109375 0.009375 0.0609375
2 0.402734375 0.599609375 0.0109375 0.056640625
2 0.21171875 0.583203125 0.012890625 0.05
3 0.905078125 0.8140625 0.0140625 0.083203125
2 0.847265625 0.637109375 0.0140625 0.062890625
2 0.08125 0.54140625 0.008203125 0.044140625
2 0.091015625 0.54609375 0.011328125 0.043359375
1 0.359375 0.416796875 0.01015625 0.0359375
2 0.43125 0.42109375 0.01015625 0.036328125