2 0.5359375 0.46015625 0.010546875 0.031640625
2 0.567578125 0.487890625 0.011328125 0.0390625
2 0.368359375 0.50703125 0.008203125 0.037890625
2 0.255859375 0.49296875 0.009375 0.03984375
1 0.843359375 0.51328125 0.008203125 0.043359375
2 0.856640625 0.569140625 0.010546875 0.037890625
2 0.355078125 0.556640625 0.009375 0.04453125
2 0.534765625 0.523046875 0.008984375 0.040625
2 0.690625 0.469140625 0.007421875 0.0359375
2 0.230859375 0.578515625 0.012890625 0.046484375
2 0.616015625 0.55703125 0.012890625 0.043359375
3 0.4828125 0.495703125 0.008203125 0.037890625
2 0.308203125 0.543359375 0.006640625 0.042578125
2 0.715234375 0.69296875 0.008984375 0.056640625
2 0.673046875 0.61328125 0.008203125 0.05078125
2 0.272265625 0.6625 0.010546875 0.056640625
2 0.412890625 0.708203125 0.012890625 0.059375
2 0.141796875 0.612890625 0.011328125 0.05546875
3 0.137109375 0.78046875 0.0171875 0.0703125
0 0.843359375 0.589453125 0.0078125 0.01328125
3 0.625 0.3921875 0.00703125 0.023828125
2 0.519921875 0.4234375 0.01015625 0.030859375
2 0.466796875 0.444921875 0.008984375 0.034765625
2 0.303125 0.44296875 0.008203125 0.033203125
2 0.308203125 0.448828125 0.007421875 0.03125