2 0.2859375 0.36484375 0.009375 0.02578125
0 0.084375 0.4265625 0.00625 0.01015625
2 0.289453125 0.39921875 0.016015625 0.040625
2 0.630078125 0.37734375 0.012109375 0.03984375
2 0.4984375 0.415625 0.0125 0.037109375
2 0.31953125 0.36328125 0.009765625 0.043359375
2 0.324609375 0.412109375 0.0140625 0.051953125
2 0.614453125 0.37734375 0.010546875 0.0453125
2 0.670703125 0.451953125 0.01484375 0.054296875
2 0.540234375 0.4015625 0.009765625 0.0453125
2 0.683984375 0.462890625 0.009765625 0.053515625
2 0.578515625 0.398046875 0.012890625 0.051953125
2 0.639453125 0.389453125 0.010546875 0.05078125
2 0.90625 0.397265625 0.010546875 0.053515625
2 0.394140625 0.441015625 0.018359375 0.056640625
2 0.0484375 0.412109375 0.0125 0.051953125
2 0.36171875 0.533984375 0.0140625 0.0640625
2 0.279296875 0.4890625 0.01875 0.057421875
3 0.157421875 0.8640625 0.0203125 0.101953125
3 0.522265625 0.451953125 0.013671875 0.05546875
2 0.266796875 0.58828125 0.021875 0.065625
3 0.55625 0.29921875 0.008984375 0.0390625
2 0.558984375 0.341015625 0.016015625 0.044140625
2 0.671484375 0.431640625 0.0140625 0.054296875
2 0.49921875 0.40234375 0.01171875 0.0484375