2 0.551953125 0.35390625 0.0125 0.03671875
2 0.676171875 0.403515625 0.009765625 0.0390625
2 0.68359375 0.425 0.009765625 0.03515625
2 0.710546875 0.399609375 0.009375 0.041796875
2 0.5578125 0.387109375 0.010546875 0.042578125
2 0.333203125 0.375390625 0.009765625 0.037890625
3 0.121875 0.362109375 0.010546875 0.0390625
2 0.66796875 0.350390625 0.0078125 0.037890625
1 0.8453125 0.393359375 0.009375 0.042578125
2 0.172265625 0.446875 0.008203125 0.0453125
2 0.75859375 0.435546875 0.009765625 0.047265625
2 0.73984375 0.4265625 0.009765625 0.047265625
2 0.389453125 0.36484375 0.0078125 0.0390625
2 0.125 0.44296875 0.01875 0.0546875
2 0.437890625 0.423046875 0.012890625 0.046484375
3 0.52109375 0.381640625 0.0140625 0.040625
2 0.825390625 0.467578125 0.0125 0.057421875
2 0.623828125 0.369140625 0.009765625 0.041796875
2 0.36953125 0.44921875 0.0140625 0.046484375
2 0.176953125 0.47734375 0.0125 0.05078125
2 0.45078125 0.565234375 0.0265625 0.058203125
2 0.699609375 0.45078125 0.016796875 0.048046875
2 0.555859375 0.338671875 0.00859375 0.0328125