2 0.549609375 0.3515625 0.010546875 0.037890625
2 0.22578125 0.3921875 0.0078125 0.05078125
2 0.337109375 0.365625 0.009375 0.040625
2 0.58515625 0.340234375 0.012890625 0.043359375
2 0.559765625 0.39453125 0.010546875 0.04453125
2 0.73515625 0.353515625 0.009765625 0.04453125
2 0.289453125 0.4125 0.010546875 0.04921875
2 0.29296875 0.455078125 0.012890625 0.04921875
2 0.538671875 0.4015625 0.009765625 0.04921875
1 0.855859375 0.371484375 0.012890625 0.046484375
2 0.355078125 0.403125 0.012890625 0.05078125
2 0.137890625 0.4421875 0.015234375 0.056640625
2 0.480078125 0.384375 0.008984375 0.046484375
3 0.448828125 0.43046875 0.009375 0.05546875
2 0.8203125 0.473046875 0.009375 0.0609375
2 0.104296875 0.501953125 0.013671875 0.066796875
2 0.164453125 0.548046875 0.0171875 0.062890625
2 0.636328125 0.447265625 0.0140625 0.059375
2 0.14375 0.51484375 0.016796875 0.068359375
2 0.323046875 0.50546875 0.0109375 0.0609375
2 0.48046875 0.525390625 0.018359375 0.06015625
2 0.635546875 0.5578125 0.012890625 0.067578125
0 0.73203125 0.3734375 0.00546875 0.01015625
3 0.1359375 0.35 0.009765625 0.044921875