2 0.718359375 0.4671875 0.01640625 0.037890625
2 0.560546875 0.406640625 0.009375 0.0328125
2 0.7390625 0.477734375 0.0125 0.038671875
3 0.599609375 0.486328125 0.008203125 0.04296875
2 0.815625 0.487109375 0.008203125 0.040625
2 0.576953125 0.4171875 0.010546875 0.0359375
2 0.59765625 0.50546875 0.009765625 0.04453125
2 0.909765625 0.550390625 0.011328125 0.047265625
2 0.362890625 0.4328125 0.006640625 0.03984375
2 0.880859375 0.528125 0.0125 0.04921875
2 0.396484375 0.430078125 0.008984375 0.037890625
2 0.1109375 0.6515625 0.010546875 0.06953125
2 0.771875 0.5625 0.0125 0.052734375
2 0.094140625 0.540234375 0.013671875 0.052734375
2 0.412109375 0.529296875 0.009765625 0.052734375
2 0.561328125 0.599609375 0.013671875 0.058203125
2 0.088671875 0.6609375 0.012890625 0.068359375
2 0.58828125 0.59765625 0.0171875 0.052734375
2 0.427734375 0.539453125 0.011328125 0.05078125
3 0.056640625 0.839453125 0.014453125 0.091796875
2 0.723828125 0.455859375 0.00859375 0.039453125
1 0.661328125 0.416796875 0.016015625 0.033984375
2 0.56796875 0.4171875 0.008984375 0.037109375
3 0.475 0.337890625 0.00703125 0.028515625