2 0.281640625 0.4671875 0.01640625 0.037890625
2 0.439453125 0.406640625 0.009375 0.0328125
2 0.2609375 0.477734375 0.0125 0.038671875
3 0.400390625 0.486328125 0.008203125 0.04296875
2 0.184375 0.487109375 0.008203125 0.040625
2 0.423046875 0.4171875 0.010546875 0.0359375
2 0.40234375 0.50546875 0.009765625 0.04453125
2 0.090234375 0.550390625 0.011328125 0.047265625
2 0.637109375 0.4328125 0.006640625 0.03984375
2 0.119140625 0.528125 0.0125 0.04921875
2 0.603515625 0.430078125 0.008984375 0.037890625
2 0.8890625 0.6515625 0.010546875 0.06953125
2 0.228125 0.5625 0.0125 0.052734375
2 0.905859375 0.540234375 0.013671875 0.052734375
2 0.587890625 0.529296875 0.009765625 0.052734375
2 0.438671875 0.599609375 0.013671875 0.058203125
2 0.911328125 0.6609375 0.012890625 0.068359375
2 0.41171875 0.59765625 0.0171875 0.052734375
2 0.572265625 0.539453125 0.011328125 0.05078125
3 0.943359375 0.839453125 0.014453125 0.091796875
2 0.276171875 0.455859375 0.00859375 0.039453125
1 0.338671875 0.416796875 0.016015625 0.033984375
2 0.43203125 0.4171875 0.008984375 0.037109375
3 0.525 0.337890625 0.00703125 0.028515625