2 0.516015625 0.343359375 0.01171875 0.042578125
2 0.401953125 0.328515625 0.012109375 0.0390625
3 0.739453125 0.322265625 0.009375 0.040625
2 0.41484375 0.355078125 0.009765625 0.041796875
2 0.381640625 0.351953125 0.012109375 0.040625
2 0.46328125 0.334375 0.0109375 0.037109375
2 0.653515625 0.35 0.0109375 0.040625
2 0.488671875 0.3671875 0.0140625 0.03984375
3 0.400390625 0.39921875 0.0109375 0.057421875
2 0.25703125 0.36796875 0.012890625 0.05078125
2 0.303125 0.40546875 0.013671875 0.05
2 0.1984375 0.437890625 0.014453125 0.059375
2 0.609765625 0.384765625 0.012109375 0.052734375
2 0.280859375 0.405859375 0.013671875 0.052734375
2 0.569140625 0.752734375 0.0203125 0.090625
2 0.1453125 0.521875 0.017578125 0.067578125
2 0.516796875 0.4609375 0.0140625 0.057421875
2 0.8296875 0.522265625 0.014453125 0.0703125
2 0.175 0.519921875 0.028125 0.073046875
2 0.223046875 0.715234375 0.015234375 0.0859375
2 0.76171875 0.405078125 0.0109375 0.058203125
2 0.359375 0.521484375 0.019921875 0.06484375
0 0.4265625 0.3625 0.005078125 0.010546875