2 0.556640625 0.416796875 0.012109375 0.033203125
2 0.266796875 0.45234375 0.0109375 0.03984375
2 0.580078125 0.428515625 0.008984375 0.0390625
2 0.69453125 0.508203125 0.012890625 0.046484375
2 0.144140625 0.5984375 0.0125 0.058203125
2 0.13828125 0.571484375 0.0140625 0.057421875
2 0.843359375 0.584375 0.016015625 0.046484375
2 0.615234375 0.4421875 0.008203125 0.041796875
2 0.892578125 0.61328125 0.01953125 0.058203125
2 0.487890625 0.471875 0.008984375 0.041796875
2 0.337890625 0.57265625 0.010546875 0.058203125
2 0.683203125 0.579296875 0.0140625 0.052734375
2 0.333984375 0.442578125 0.00625 0.040625
2 0.771875 0.63984375 0.015625 0.05546875
3 0.55703125 0.509375 0.012890625 0.048046875
2 0.16640625 0.615234375 0.012890625 0.06015625
2 0.591796875 0.59453125 0.0109375 0.057421875
3 0.109765625 0.826953125 0.022265625 0.085546875
2 0.350390625 0.583984375 0.019921875 0.0546875
2 0.577734375 0.644140625 0.019140625 0.058203125
2 0.751171875 0.63984375 0.0125 0.057421875
2 0.534765625 0.671484375 0.0171875 0.068359375
1 0.726953125 0.414453125 0.0109375 0.041015625
0 0.88515625 0.59453125 0.00546875 0.01015625
3 0.46953125 0.34296875 0.007421875 0.028515625