2 0.37421875 0.412109375 0.016015625 0.044921875
2 0.3875 0.436328125 0.0125 0.048828125
2 0.266015625 0.370703125 0.010546875 0.03984375
2 0.540234375 0.38984375 0.011328125 0.040625
2 0.522265625 0.4453125 0.023828125 0.048046875
3 0.582421875 0.4140625 0.01328125 0.046484375
2 0.20546875 0.37421875 0.0140625 0.040625
2 0.610546875 0.465625 0.02421875 0.04765625
2 0.303515625 0.364453125 0.0109375 0.037890625
2 0.335546875 0.366796875 0.007421875 0.0390625
2 0.837109375 0.5234375 0.01953125 0.06328125
2 0.2578125 0.428125 0.016796875 0.0453125
2 0.72109375 0.596484375 0.021484375 0.06171875
2 0.221484375 0.4015625 0.018359375 0.047265625
2 0.466015625 0.580078125 0.0328125 0.062109375
2 0.80234375 0.533984375 0.028515625 0.056640625
2 0.861328125 0.496484375 0.012109375 0.057421875
2 0.733984375 0.43515625 0.012109375 0.048046875
2 0.191015625 0.4859375 0.011328125 0.057421875
2 0.156640625 0.448046875 0.016015625 0.051953125
0 0.624609375 0.48984375 0.00546875 0.009375
2 0.516796875 0.44296875 0.0140625 0.04765625
3 0.244921875 0.3203125 0.009375 0.038671875