2 0.29375 0.34921875 0.0125 0.0390625
2 0.700390625 0.3875 0.0078125 0.041796875
2 0.814453125 0.4015625 0.010546875 0.040625
2 0.694140625 0.39296875 0.008984375 0.03984375
1 0.130078125 0.3890625 0.0109375 0.040625
2 0.368359375 0.42265625 0.008984375 0.041796875
2 0.261328125 0.382421875 0.008203125 0.037109375
2 0.22890625 0.376953125 0.008984375 0.040625
2 0.862890625 0.50703125 0.013671875 0.06015625
2 0.448046875 0.550390625 0.016015625 0.05078125
2 0.176953125 0.458203125 0.008984375 0.046484375
3 0.3234375 0.375390625 0.009375 0.03984375
2 0.158984375 0.430859375 0.012890625 0.047265625
2 0.2828125 0.4296875 0.009375 0.042578125
2 0.713671875 0.385546875 0.006640625 0.037890625
2 0.679296875 0.4515625 0.011328125 0.04921875
2 0.480859375 0.418359375 0.012109375 0.048046875
2 0.83515625 0.444921875 0.012890625 0.05078125
2 0.416015625 0.39296875 0.008203125 0.03984375
2 0.503515625 0.451953125 0.008984375 0.048046875
2 0.85234375 0.548046875 0.019140625 0.062890625
3 0.83359375 0.35 0.00859375 0.03203125
2 0.2265625 0.3546875 0.00859375 0.033984375
0 0.221484375 0.36484375 0.004296875 0.007421875