2 0.483984375 0.343359375 0.01171875 0.042578125
2 0.598046875 0.328515625 0.012109375 0.0390625
3 0.260546875 0.322265625 0.009375 0.040625
2 0.58515625 0.355078125 0.009765625 0.041796875
2 0.618359375 0.351953125 0.012109375 0.040625
2 0.53671875 0.334375 0.0109375 0.037109375
2 0.346484375 0.35 0.0109375 0.040625
2 0.511328125 0.3671875 0.0140625 0.03984375
3 0.599609375 0.39921875 0.0109375 0.057421875
2 0.74296875 0.36796875 0.012890625 0.05078125
2 0.696875 0.40546875 0.013671875 0.05
2 0.8015625 0.437890625 0.014453125 0.059375
2 0.390234375 0.384765625 0.012109375 0.052734375
2 0.719140625 0.405859375 0.013671875 0.052734375
2 0.430859375 0.752734375 0.0203125 0.090625
2 0.8546875 0.521875 0.017578125 0.067578125
2 0.483203125 0.4609375 0.0140625 0.057421875
2 0.1703125 0.522265625 0.014453125 0.0703125
2 0.825 0.519921875 0.028125 0.073046875
2 0.776953125 0.715234375 0.015234375 0.0859375
2 0.23828125 0.405078125 0.0109375 0.058203125
2 0.640625 0.521484375 0.019921875 0.06484375
0 0.5734375 0.3625 0.005078125 0.010546875