2 0.45546875 0.459375 0.0109375 0.033203125
2 0.252734375 0.42578125 0.007421875 0.03515625
2 0.320703125 0.539453125 0.012109375 0.03984375
2 0.240234375 0.439453125 0.008203125 0.034375
2 0.317578125 0.5046875 0.008984375 0.0390625
2 0.513671875 0.477734375 0.009375 0.042578125
3 0.369140625 0.4875 0.010546875 0.043359375
2 0.314453125 0.571484375 0.009375 0.05546875
2 0.533984375 0.520703125 0.015234375 0.03984375
2 0.515234375 0.524609375 0.010546875 0.043359375
2 0.755078125 0.552734375 0.009765625 0.048046875
1 0.851953125 0.4890625 0.011328125 0.04453125
2 0.192578125 0.581640625 0.010546875 0.053515625
2 0.22109375 0.4921875 0.008984375 0.043359375
2 0.14453125 0.617578125 0.0171875 0.0609375
2 0.335546875 0.719921875 0.014453125 0.062109375
2 0.197265625 0.6671875 0.014453125 0.062109375
2 0.66171875 0.469921875 0.0078125 0.041796875
2 0.5421875 0.612109375 0.014453125 0.05546875
2 0.627734375 0.71015625 0.020703125 0.062890625
3 0.06015625 0.826171875 0.022265625 0.083203125
0 0.69296875 0.528515625 0.006640625 0.012109375
3 0.584765625 0.37578125 0.008203125 0.02890625
2 0.4625 0.403515625 0.008984375 0.033203125
2 0.407421875 0.4375 0.009765625 0.03828125