2 0.6890625 0.441015625 0.00625 0.03046875
2 0.430078125 0.437109375 0.005859375 0.0296875
2 0.43046875 0.4765625 0.006640625 0.034375
2 0.52890625 0.44453125 0.005859375 0.031640625
2 0.74296875 0.54921875 0.012890625 0.040625
2 0.295703125 0.47265625 0.008203125 0.034375
2 0.773046875 0.48046875 0.008203125 0.0390625
2 0.107421875 0.558984375 0.008984375 0.043359375
2 0.375390625 0.4921875 0.0078125 0.037890625
2 0.617578125 0.518359375 0.008203125 0.040625
3 0.948828125 0.784375 0.025390625 0.0703125
2 0.21640625 0.601953125 0.009765625 0.042578125
3 0.416015625 0.51953125 0.012109375 0.0390625
2 0.9265625 0.618359375 0.010546875 0.053515625
1 0.127734375 0.53046875 0.013671875 0.037109375
2 0.473046875 0.508984375 0.0078125 0.037890625
2 0.39765625 0.580859375 0.0078125 0.047265625
2 0.86953125 0.6109375 0.0203125 0.05
2 0.655859375 0.560546875 0.009375 0.0453125
2 0.617578125 0.716015625 0.018359375 0.056640625
2 0.217578125 0.68828125 0.0125 0.056640625
2 0.758203125 0.691796875 0.014453125 0.062890625
2 0.703125 0.440625 0.00703125 0.0328125
0 0.126953125 0.530859375 0.005078125 0.010546875