2 0.569921875 0.428515625 0.009375 0.02578125
1 0.2234375 0.43046875 0.009375 0.037109375
2 0.448828125 0.392578125 0.011328125 0.0296875
2 0.544921875 0.437890625 0.008984375 0.0296875
2 0.246484375 0.490234375 0.009765625 0.0453125
2 0.4765625 0.460546875 0.010546875 0.032421875
2 0.373046875 0.42578125 0.013671875 0.0390625
2 0.332421875 0.47734375 0.011328125 0.03984375
2 0.694921875 0.4375 0.012890625 0.03203125
2 0.515234375 0.468359375 0.009375 0.042578125
2 0.8484375 0.526953125 0.011328125 0.048046875
2 0.221484375 0.510546875 0.015625 0.043359375
2 0.325390625 0.5578125 0.015234375 0.048828125
2 0.8390625 0.54765625 0.011328125 0.0546875
2 0.684765625 0.598046875 0.022265625 0.05546875
2 0.5265625 0.616796875 0.014453125 0.051953125
2 0.844140625 0.464453125 0.015625 0.037890625
2 0.05703125 0.603125 0.012890625 0.052734375
3 0.91484375 0.835546875 0.025390625 0.091015625
3 0.438671875 0.354296875 0.006640625 0.031640625
2 0.337109375 0.434375 0.010546875 0.041796875
2 0.34296875 0.424609375 0.009765625 0.043359375
0 0.640234375 0.462109375 0.005078125 0.010546875
2 0.698828125 0.43125 0.00859375 0.033984375