2 0.348828125 0.239453125 0.009375 0.037890625
3 0.79609375 0.234375 0.008984375 0.0390625
2 0.326171875 0.251953125 0.0140625 0.03515625
2 0.346875 0.355078125 0.016796875 0.04921875
2 0.291015625 0.34453125 0.015234375 0.051953125
2 0.319140625 0.276953125 0.01328125 0.040625
3 0.470703125 0.312109375 0.018359375 0.048046875
2 0.4109375 0.283203125 0.016796875 0.0390625
2 0.553515625 0.319921875 0.0109375 0.047265625
2 0.64921875 0.257421875 0.009765625 0.0390625
2 0.811328125 0.258984375 0.009765625 0.03984375
2 0.579296875 0.25703125 0.015234375 0.041796875
2 0.381640625 0.272265625 0.012109375 0.042578125
2 0.5046875 0.425390625 0.01875 0.056640625
2 0.59609375 0.26328125 0.012109375 0.0453125
2 0.169921875 0.38515625 0.028125 0.05
2 0.191015625 0.38671875 0.0140625 0.052734375
2 0.29921875 0.412109375 0.019921875 0.059375
2 0.1625 0.32578125 0.014453125 0.051953125
2 0.432421875 0.335546875 0.019140625 0.04921875
2 0.839453125 0.3484375 0.018359375 0.06015625
2 0.317578125 0.30234375 0.015234375 0.043359375