2 0.618359375 0.232421875 0.008203125 0.0375
2 0.75703125 0.297265625 0.012109375 0.051953125
2 0.684765625 0.265625 0.009765625 0.046484375
2 0.573828125 0.227734375 0.0109375 0.037109375
2 0.707421875 0.2765625 0.0125 0.043359375
2 0.769140625 0.306640625 0.010546875 0.046484375
2 0.54609375 0.267578125 0.008984375 0.046484375
2 0.692578125 0.2921875 0.008984375 0.04921875
3 0.5203125 0.259765625 0.009375 0.047265625
2 0.641015625 0.28828125 0.009375 0.04921875
2 0.750390625 0.330078125 0.012890625 0.052734375
2 0.354296875 0.240234375 0.008984375 0.037890625
2 0.143359375 0.31328125 0.009375 0.052734375
2 0.791015625 0.334765625 0.010546875 0.05078125
2 0.405859375 0.31796875 0.009765625 0.052734375
2 0.711328125 0.37734375 0.012890625 0.058203125
2 0.176953125 0.3140625 0.0109375 0.05546875
2 0.496875 0.3234375 0.015625 0.052734375
2 0.160546875 0.385546875 0.0171875 0.065625
1 0.825 0.293359375 0.012109375 0.043359375
2 0.621875 0.2265625 0.00859375 0.037890625
3 0.030078125 0.2453125 0.0125 0.05703125