0 0.358984375 0.385546875 0.005859375 0.01015625
2 0.55859375 0.256640625 0.0078125 0.0390625
2 0.616015625 0.237890625 0.011328125 0.037109375
2 0.51171875 0.254296875 0.008984375 0.0453125
2 0.778125 0.26328125 0.009375 0.043359375
2 0.365234375 0.265625 0.008984375 0.042578125
2 0.528125 0.2609375 0.009375 0.042578125
3 0.661328125 0.319921875 0.009765625 0.04921875
1 0.049609375 0.3203125 0.013671875 0.051953125
2 0.384765625 0.26328125 0.015234375 0.047265625
2 0.392578125 0.346875 0.0109375 0.05078125
2 0.63515625 0.354296875 0.015234375 0.0546875
2 0.711328125 0.2828125 0.012109375 0.04921875
2 0.846875 0.32578125 0.011328125 0.05546875
2 0.83359375 0.32578125 0.012109375 0.053515625
2 0.116796875 0.43828125 0.016015625 0.071484375
2 0.559765625 0.415625 0.010546875 0.057421875
2 0.400390625 0.432421875 0.020703125 0.06484375
2 0.349609375 0.358984375 0.0109375 0.06015625
2 0.808984375 0.499609375 0.016015625 0.076953125
2 0.6703125 0.733984375 0.029296875 0.102734375
2 0.5796875 0.340234375 0.011328125 0.05078125
2 0.67578125 0.51328125 0.0203125 0.078515625
3 0.844921875 0.241015625 0.012109375 0.043359375