0 0.529296875 0.2 0.005859375 0.0109375
2 0.49765625 0.141015625 0.014453125 0.0515625
2 0.455078125 0.198046875 0.016796875 0.057421875
2 0.274609375 0.2546875 0.016796875 0.072265625
2 0.56953125 0.171484375 0.0203125 0.048046875
2 0.6140625 0.178515625 0.019921875 0.051953125
2 0.437109375 0.158984375 0.015625 0.0546875
2 0.630859375 0.203125 0.018359375 0.0640625
2 0.42421875 0.1828125 0.0140625 0.062109375
2 0.92265625 0.21328125 0.0140625 0.071484375
2 0.4640625 0.228515625 0.01875 0.06484375
2 0.66640625 0.193359375 0.0171875 0.062890625
2 0.812890625 0.216796875 0.019921875 0.066796875
2 0.788671875 0.2890625 0.011328125 0.0796875
3 0.652734375 0.254296875 0.024609375 0.071484375
2 0.9171875 0.2921875 0.01875 0.076953125
2 0.576953125 0.253515625 0.0234375 0.07421875
2 0.52265625 0.410546875 0.028515625 0.093359375
2 0.303515625 0.212890625 0.023828125 0.066796875
2 0.400390625 0.247265625 0.025390625 0.072265625
2 0.43046875 0.284765625 0.027734375 0.067578125
2 0.205859375 0.306640625 0.015625 0.07578125