2 0.18515625 0.2578125 0.012890625 0.047265625
0 0.819140625 0.559765625 0.0078125 0.012109375
2 0.151953125 0.31640625 0.01640625 0.052734375
2 0.53671875 0.723046875 0.037890625 0.107421875
2 0.28359375 0.33671875 0.012109375 0.06015625
2 0.587109375 0.258203125 0.011328125 0.048046875
2 0.46171875 0.369140625 0.0171875 0.058203125
2 0.44140625 0.3765625 0.0234375 0.062109375
2 0.68203125 0.3515625 0.0203125 0.0640625
2 0.499609375 0.3046875 0.014453125 0.051953125
2 0.78515625 0.412890625 0.016015625 0.0703125
3 0.251953125 0.434375 0.015234375 0.077734375
2 0.517578125 0.47734375 0.017578125 0.078515625
2 0.12109375 0.452734375 0.015234375 0.077734375
2 0.275 0.4046875 0.021875 0.068359375
2 0.159375 0.662890625 0.023046875 0.1
2 0.421484375 0.482421875 0.020703125 0.081640625
2 0.030859375 0.60234375 0.023828125 0.097265625
2 0.576171875 0.744921875 0.0359375 0.11015625
2 0.85859375 0.53203125 0.0171875 0.0859375
2 0.073828125 0.452734375 0.028125 0.083203125
2 0.383203125 0.596484375 0.032421875 0.0890625
3 0.129296875 0.22578125 0.011328125 0.046875