0 0.4078125 0.628125 0.007421875 0.012109375
2 0.7046875 0.307421875 0.008203125 0.037109375
2 0.400390625 0.364453125 0.009375 0.0453125
2 0.758203125 0.380859375 0.008984375 0.04921875
2 0.80390625 0.4046875 0.0109375 0.05
2 0.43671875 0.52265625 0.012890625 0.062109375
2 0.401171875 0.430859375 0.014453125 0.04921875
2 0.529296875 0.309375 0.008203125 0.0390625
2 0.892578125 0.540234375 0.016796875 0.075
2 0.5890625 0.322265625 0.009375 0.040625
2 0.422265625 0.341796875 0.008984375 0.046484375
3 0.726171875 0.444140625 0.0125 0.06015625
2 0.817578125 0.42578125 0.0109375 0.059375
1 0.104296875 0.40078125 0.011328125 0.05546875
3 0.034765625 0.653515625 0.015234375 0.07421875
2 0.41640625 0.544921875 0.015234375 0.067578125
2 0.72421875 0.61328125 0.018359375 0.076953125
2 0.468359375 0.672265625 0.029296875 0.0703125
2 0.83984375 0.624609375 0.016015625 0.082421875
2 0.401171875 0.675 0.018359375 0.083203125
2 0.216015625 0.58984375 0.018359375 0.07578125
2 0.09453125 0.6234375 0.025390625 0.0859375
3 0.809765625 0.280859375 0.011328125 0.0359375
2 0.7609375 0.336328125 0.00859375 0.040234375
2 0.76796875 0.333984375 0.0078125 0.03984375