2 0.289453125 0.2609375 0.009375 0.0390625
2 0.197265625 0.28984375 0.009375 0.04453125
2 0.321484375 0.279296875 0.009375 0.03984375
2 0.208984375 0.3171875 0.0109375 0.047265625
1 0.965625 0.342578125 0.0125 0.048046875
0 0.831640625 0.558203125 0.007421875 0.0109375
2 0.443359375 0.27734375 0.010546875 0.041796875
2 0.618359375 0.30078125 0.008984375 0.04453125
2 0.48203125 0.267578125 0.008984375 0.042578125
2 0.15859375 0.374609375 0.012109375 0.056640625
2 0.123828125 0.609375 0.0296875 0.07578125
2 0.587109375 0.28203125 0.009375 0.047265625
2 0.145703125 0.355859375 0.012109375 0.056640625
2 0.242578125 0.4203125 0.017578125 0.062890625
3 0.28828125 0.375 0.012890625 0.059375
2 0.312890625 0.520703125 0.016796875 0.075
2 0.428515625 0.390625 0.016796875 0.05546875
2 0.433203125 0.485546875 0.016015625 0.062109375
2 0.603515625 0.435546875 0.012890625 0.0640625
2 0.276953125 0.782421875 0.028125 0.101953125
2 0.515234375 0.43515625 0.01875 0.062890625
2 0.684375 0.4921875 0.014453125 0.067578125
2 0.896484375 0.5234375 0.0203125 0.076953125