0 0.326171875 0.45078125 0.00625 0.0109375
2 0.6953125 0.241015625 0.008203125 0.03984375
2 0.5953125 0.344140625 0.013671875 0.0546875
2 0.47265625 0.307421875 0.0109375 0.048046875
2 0.745703125 0.309375 0.009765625 0.048046875
2 0.3265625 0.270703125 0.014453125 0.047265625
2 0.2859375 0.4765625 0.029296875 0.065625
2 0.723046875 0.40078125 0.0140625 0.066796875
2 0.3125 0.427734375 0.017578125 0.0609375
2 0.532421875 0.41484375 0.015234375 0.062890625
3 0.65546875 0.45078125 0.0140625 0.072265625
2 0.25859375 0.38046875 0.0171875 0.0609375
2 0.494921875 0.3609375 0.01875 0.05546875
2 0.049609375 0.417578125 0.014453125 0.068359375
2 0.81796875 0.4046875 0.0140625 0.0703125
2 0.873046875 0.54921875 0.023046875 0.0890625
2 0.23359375 0.4875 0.0296875 0.073046875
2 0.47734375 0.540234375 0.0171875 0.084375
2 0.674609375 0.66953125 0.034375 0.103515625
2 0.50390625 0.767578125 0.033984375 0.112890625
2 0.815234375 0.691015625 0.030859375 0.10078125
2 0.3921875 0.555078125 0.026171875 0.0859375
3 0.730078125 0.224609375 0.01015625 0.043359375