0 0.673828125 0.45078125 0.00625 0.0109375
2 0.3046875 0.241015625 0.008203125 0.03984375
2 0.4046875 0.344140625 0.013671875 0.0546875
2 0.52734375 0.307421875 0.0109375 0.048046875
2 0.254296875 0.309375 0.009765625 0.048046875
2 0.6734375 0.270703125 0.014453125 0.047265625
2 0.7140625 0.4765625 0.029296875 0.065625
2 0.276953125 0.40078125 0.0140625 0.066796875
2 0.6875 0.427734375 0.017578125 0.0609375
2 0.467578125 0.41484375 0.015234375 0.062890625
3 0.34453125 0.45078125 0.0140625 0.072265625
2 0.74140625 0.38046875 0.0171875 0.0609375
2 0.505078125 0.3609375 0.01875 0.05546875
2 0.950390625 0.417578125 0.014453125 0.068359375
2 0.18203125 0.4046875 0.0140625 0.0703125
2 0.126953125 0.54921875 0.023046875 0.0890625
2 0.76640625 0.4875 0.0296875 0.073046875
2 0.52265625 0.540234375 0.0171875 0.084375
2 0.325390625 0.66953125 0.034375 0.103515625
2 0.49609375 0.767578125 0.033984375 0.112890625
2 0.184765625 0.691015625 0.030859375 0.10078125
2 0.6078125 0.555078125 0.026171875 0.0859375
3 0.269921875 0.224609375 0.01015625 0.043359375