0 0.641015625 0.385546875 0.005859375 0.01015625
2 0.44140625 0.256640625 0.0078125 0.0390625
2 0.383984375 0.237890625 0.011328125 0.037109375
2 0.48828125 0.254296875 0.008984375 0.0453125
2 0.221875 0.26328125 0.009375 0.043359375
2 0.634765625 0.265625 0.008984375 0.042578125
2 0.471875 0.2609375 0.009375 0.042578125
3 0.338671875 0.319921875 0.009765625 0.04921875
1 0.950390625 0.3203125 0.013671875 0.051953125
2 0.615234375 0.26328125 0.015234375 0.047265625
2 0.607421875 0.346875 0.0109375 0.05078125
2 0.36484375 0.354296875 0.015234375 0.0546875
2 0.288671875 0.2828125 0.012109375 0.04921875
2 0.153125 0.32578125 0.011328125 0.05546875
2 0.16640625 0.32578125 0.012109375 0.053515625
2 0.883203125 0.43828125 0.016015625 0.071484375
2 0.440234375 0.415625 0.010546875 0.057421875
2 0.599609375 0.432421875 0.020703125 0.06484375
2 0.650390625 0.358984375 0.0109375 0.06015625
2 0.191015625 0.499609375 0.016015625 0.076953125
2 0.3296875 0.733984375 0.029296875 0.102734375
2 0.4203125 0.340234375 0.011328125 0.05078125
2 0.32421875 0.51328125 0.0203125 0.078515625
3 0.155078125 0.241015625 0.012109375 0.043359375