3 0.2390625 0.236328125 0.008984375 0.040234375
2 0.526953125 0.3421875 0.013671875 0.05234375
2 0.613671875 0.284375 0.012109375 0.037109375
2 0.624609375 0.291796875 0.015234375 0.04453125
2 0.6 0.274609375 0.014453125 0.041796875
2 0.526953125 0.369921875 0.0125 0.0546875
2 0.6984375 0.289453125 0.010546875 0.0453125
3 0.483203125 0.309765625 0.013671875 0.04921875
2 0.480859375 0.265234375 0.009765625 0.041796875
2 0.636328125 0.335546875 0.0109375 0.052734375
2 0.25 0.292578125 0.009375 0.046484375
2 0.51328125 0.409765625 0.012109375 0.062109375
2 0.336328125 0.385546875 0.019140625 0.0546875
2 0.557421875 0.415234375 0.0140625 0.062109375
2 0.169140625 0.3515625 0.011328125 0.056640625
2 0.746484375 0.344140625 0.012109375 0.052734375
2 0.33203125 0.47421875 0.016015625 0.07421875
2 0.696875 0.387890625 0.016796875 0.062890625
2 0.802734375 0.531640625 0.016015625 0.07578125
2 0.6953125 0.55 0.019921875 0.081640625
2 0.811328125 0.395703125 0.015625 0.0640625
2 0.535546875 0.518359375 0.0203125 0.0703125
0 0.178125 0.3671875 0.00546875 0.0109375