2 0.349609375 0.283984375 0.0140625 0.0359375
1 0.92578125 0.3125 0.009765625 0.04921875
2 0.319921875 0.269140625 0.012109375 0.034375
2 0.70390625 0.248046875 0.0109375 0.0390625
2 0.226953125 0.316796875 0.010546875 0.046484375
2 0.36015625 0.319921875 0.012890625 0.04921875
2 0.65078125 0.31796875 0.012109375 0.0453125
2 0.2359375 0.344921875 0.0125 0.05078125
2 0.624609375 0.318359375 0.013671875 0.0390625
2 0.615234375 0.27734375 0.009375 0.043359375
2 0.8125 0.31484375 0.009375 0.048046875
2 0.75390625 0.350390625 0.012890625 0.05078125
2 0.65859375 0.43046875 0.012109375 0.057421875
2 0.193359375 0.391796875 0.015234375 0.05546875
2 0.551953125 0.37421875 0.0109375 0.053515625
2 0.537109375 0.375 0.0125 0.057421875
3 0.401171875 0.3640625 0.011328125 0.057421875
2 0.234375 0.529296875 0.01875 0.076953125
2 0.896484375 0.48984375 0.016015625 0.07578125
2 0.605859375 0.68046875 0.019921875 0.098046875
2 0.195703125 0.4796875 0.0234375 0.068359375
3 0.19296875 0.24609375 0.01171875 0.042578125
2 0.359375 0.246484375 0.01171875 0.037109375
0 0.66328125 0.34296875 0.00546875 0.010546875