2 0.470703125 0.2421875 0.00625 0.03046875
2 0.670703125 0.24453125 0.007421875 0.037109375
2 0.663671875 0.256640625 0.009375 0.04453125
2 0.369921875 0.2546875 0.0171875 0.05
2 0.3296875 0.2421875 0.009375 0.041796875
2 0.472265625 0.271875 0.008203125 0.043359375
2 0.504296875 0.249609375 0.008984375 0.041796875
2 0.495703125 0.25 0.008203125 0.042578125
1 0.090234375 0.296484375 0.009375 0.048046875
3 0.595703125 0.30234375 0.008984375 0.047265625
2 0.41171875 0.291796875 0.0234375 0.042578125
2 0.830078125 0.28984375 0.0125 0.046484375
2 0.844921875 0.28671875 0.0109375 0.04921875
2 0.6953125 0.321484375 0.017578125 0.046484375
2 0.774609375 0.328515625 0.0125 0.051953125
2 0.59296875 0.382421875 0.012109375 0.0609375
2 0.73203125 0.481640625 0.0140625 0.07421875
2 0.242578125 0.412109375 0.019140625 0.068359375
2 0.451953125 0.63046875 0.023046875 0.09453125
2 0.40546875 0.41484375 0.012890625 0.06484375
2 0.8109375 0.4375 0.020703125 0.06953125
0 0.3984375 0.312109375 0.00625 0.01015625
2 0.47890625 0.22890625 0.010546875 0.035546875
3 0.843359375 0.240234375 0.009765625 0.04609375