2 0.723828125 0.2578125 0.008984375 0.0453125
2 0.716796875 0.2609375 0.009375 0.04453125
2 0.587109375 0.20546875 0.011328125 0.033203125
2 0.751171875 0.284765625 0.009375 0.047265625
2 0.6140625 0.219921875 0.016796875 0.036328125
2 0.782421875 0.30078125 0.008203125 0.046484375
2 0.659765625 0.2765625 0.009375 0.05078125
3 0.515234375 0.235546875 0.0078125 0.041796875
2 0.576171875 0.241015625 0.010546875 0.041796875
2 0.745703125 0.323046875 0.008984375 0.053515625
2 0.41796875 0.225390625 0.008984375 0.03984375
2 0.762109375 0.324609375 0.009765625 0.05078125
2 0.673828125 0.34765625 0.016796875 0.0546875
2 0.139453125 0.294921875 0.0109375 0.052734375
2 0.164453125 0.3671875 0.017578125 0.065625
2 0.476171875 0.30703125 0.0171875 0.04921875
2 0.401171875 0.29921875 0.0140625 0.051953125
2 0.156640625 0.294140625 0.0109375 0.0546875
0 0.604296875 0.23515625 0.00546875 0.0109375
2 0.576171875 0.206640625 0.0140625 0.037890625
1 0.808203125 0.286328125 0.0140625 0.042578125
2 0.66015625 0.25703125 0.014453125 0.04296875