3 0.351953125 0.24140625 0.00703125 0.025390625
1 0.985546875 0.362890625 0.012109375 0.0390625
2 0.6515625 0.260546875 0.00625 0.023046875
2 0.332421875 0.290625 0.009765625 0.031640625
3 0.409765625 0.4265625 0.0140625 0.041796875
2 0.2953125 0.44140625 0.015234375 0.038671875
2 0.410546875 0.465625 0.015234375 0.05
2 0.455859375 0.329296875 0.0125 0.0359375
2 0.528515625 0.4453125 0.008203125 0.04453125
2 0.472265625 0.320703125 0.008203125 0.0359375
2 0.278515625 0.365234375 0.012890625 0.03984375
1 0.031640625 0.416796875 0.018359375 0.04453125
2 0.303515625 0.358984375 0.010546875 0.0359375
2 0.539453125 0.39296875 0.0109375 0.037890625
2 0.237890625 0.4359375 0.015625 0.04453125
2 0.734765625 0.358203125 0.008203125 0.037109375
2 0.21640625 0.559375 0.021484375 0.048046875
2 0.216015625 0.5 0.0203125 0.05
2 0.5203125 0.5265625 0.011328125 0.052734375
2 0.28984375 0.85546875 0.021484375 0.068359375
3 0.96875 0.896484375 0.023046875 0.081640625
2 0.2890625 0.67578125 0.019921875 0.062890625
2 0.5734375 0.625 0.026171875 0.062890625
2 0.201953125 0.577734375 0.025390625 0.048046875
2 0.412890625 0.254296875 0.008203125 0.035546875
0 0.563671875 0.65 0.006640625 0.0125