2 0.601953125 0.359765625 0.007421875 0.0359375
2 0.527734375 0.327734375 0.007421875 0.031640625
2 0.396484375 0.33828125 0.007421875 0.025
2 0.631640625 0.391796875 0.010546875 0.0390625
1 0.8109375 0.37578125 0.007421875 0.037109375
2 0.48203125 0.331640625 0.0078125 0.0296875
2 0.548046875 0.33828125 0.006640625 0.032421875
2 0.583984375 0.36328125 0.007421875 0.032421875
2 0.422265625 0.405078125 0.008984375 0.0359375
2 0.540625 0.40234375 0.009375 0.041796875
3 0.502734375 0.36015625 0.0078125 0.033203125
2 0.38671875 0.3375 0.006640625 0.03046875
2 0.18046875 0.421875 0.0078125 0.0359375
2 0.5328125 0.430078125 0.010546875 0.03984375
2 0.64375 0.405078125 0.009375 0.03984375
2 0.626171875 0.478515625 0.0109375 0.042578125
2 0.678125 0.44453125 0.008203125 0.046484375
2 0.286328125 0.452734375 0.008984375 0.04453125
2 0.703515625 0.440625 0.012109375 0.040625
2 0.598046875 0.615625 0.009765625 0.053515625
2 0.171484375 0.469921875 0.0109375 0.0453125
2 0.141796875 0.510546875 0.012109375 0.043359375
3 0.18828125 0.3390625 0.0078125 0.0296875