2 0.430078125 0.2140625 0.0140625 0.0390625
2 0.317578125 0.278515625 0.0125 0.05
2 0.305078125 0.325 0.010546875 0.057421875
2 0.1515625 0.37421875 0.019921875 0.06484375
2 0.721484375 0.278125 0.016796875 0.052734375
2 0.223046875 0.4234375 0.026953125 0.06328125
2 0.515234375 0.283203125 0.009765625 0.051953125
2 0.191015625 0.299609375 0.0171875 0.056640625
2 0.491796875 0.35078125 0.013671875 0.062890625
2 0.48125 0.354296875 0.013671875 0.062109375
2 0.270703125 0.32265625 0.017578125 0.052734375
2 0.15078125 0.412890625 0.016015625 0.07421875
2 0.258203125 0.396875 0.0140625 0.067578125
2 0.24609375 0.453125 0.022265625 0.06953125
2 0.448046875 0.4609375 0.015234375 0.072265625
2 0.893359375 0.477734375 0.019140625 0.07421875
3 0.323046875 0.37734375 0.013671875 0.067578125
1 0.896484375 0.328125 0.014453125 0.058203125
2 0.519921875 0.728515625 0.016015625 0.101953125
2 0.13671875 0.435546875 0.018359375 0.073046875
2 0.223046875 0.607421875 0.023828125 0.090625
3 0.19375 0.216796875 0.0109375 0.043359375
0 0.705078125 0.300390625 0.005859375 0.0109375
2 0.325390625 0.241796875 0.01171875 0.045703125