2 0.73359375 0.234765625 0.009765625 0.04921875
2 0.644140625 0.208984375 0.0125 0.047265625
2 0.731640625 0.3328125 0.0140625 0.0546875
2 0.8765625 0.371875 0.014453125 0.0546875
2 0.657421875 0.310546875 0.010546875 0.058203125
2 0.874609375 0.420703125 0.015625 0.073046875
2 0.3625 0.25 0.009375 0.051953125
2 0.595703125 0.2875 0.009765625 0.052734375
1 0.12734375 0.321875 0.012890625 0.058203125
2 0.518359375 0.34921875 0.012890625 0.06484375
2 0.490234375 0.277734375 0.0109375 0.053515625
2 0.5515625 0.358203125 0.0125 0.059375
2 0.335546875 0.355859375 0.018359375 0.06015625
2 0.832421875 0.3171875 0.0171875 0.056640625
3 0.723828125 0.379296875 0.014453125 0.071484375
2 0.86171875 0.4625 0.016015625 0.078515625
2 0.536328125 0.4609375 0.019921875 0.07421875
2 0.685546875 0.389453125 0.018359375 0.065625
2 0.173828125 0.46796875 0.0171875 0.075
2 0.82109375 0.490625 0.019140625 0.072265625
2 0.841796875 0.59765625 0.029296875 0.091796875
2 0.510546875 0.7515625 0.026953125 0.102734375
3 0.8046875 0.20390625 0.012109375 0.05
0 0.338671875 0.367578125 0.005859375 0.0109375