3 0.214453125 0.2015625 0.008984375 0.041796875
2 0.612890625 0.2328125 0.0109375 0.047265625
2 0.306640625 0.222265625 0.015234375 0.037109375
2 0.384765625 0.2625 0.008203125 0.04921875
2 0.362109375 0.292578125 0.010546875 0.05
2 0.175 0.290234375 0.011328125 0.056640625
2 0.4921875 0.269140625 0.009375 0.05078125
2 0.526953125 0.297265625 0.012890625 0.05546875
2 0.1625 0.346875 0.0125 0.062109375
2 0.26796875 0.317578125 0.0109375 0.057421875
2 0.595703125 0.28828125 0.012109375 0.05078125
2 0.143359375 0.380859375 0.0140625 0.067578125
2 0.341796875 0.362109375 0.0140625 0.059375
3 0.265234375 0.375390625 0.013671875 0.06953125
2 0.8125 0.483203125 0.0125 0.077734375
2 0.1140625 0.42421875 0.014453125 0.07578125
2 0.559765625 0.364453125 0.0140625 0.0640625
1 0.902734375 0.31953125 0.0140625 0.057421875
2 0.19609375 0.437109375 0.012109375 0.068359375
2 0.476953125 0.4328125 0.016015625 0.06953125
2 0.392578125 0.706640625 0.018359375 0.1
2 0.133984375 0.542578125 0.0203125 0.083203125
0 0.59296875 0.3078125 0.00546875 0.011328125
2 0.380859375 0.20390625 0.009765625 0.04296875