2 0.644140625 0.240625 0.0109375 0.0390625
2 0.801171875 0.28671875 0.0109375 0.043359375
2 0.816796875 0.330078125 0.009765625 0.0546875
2 0.755078125 0.36171875 0.011328125 0.052734375
2 0.8890625 0.34453125 0.011328125 0.057421875
2 0.769140625 0.370703125 0.012109375 0.058203125
2 0.300390625 0.281640625 0.010546875 0.05
2 0.899609375 0.43828125 0.016015625 0.065625
2 0.54765625 0.3171875 0.012109375 0.05078125
1 0.14453125 0.346484375 0.0140625 0.053515625
2 0.573046875 0.402734375 0.016796875 0.062890625
2 0.51796875 0.39921875 0.016015625 0.062890625
2 0.7765625 0.46328125 0.014453125 0.067578125
2 0.436328125 0.70234375 0.019140625 0.091796875
2 0.120703125 0.446875 0.0140625 0.065625
3 0.698046875 0.41796875 0.016015625 0.067578125
2 0.594921875 0.505078125 0.016015625 0.073046875
2 0.84921875 0.52421875 0.016015625 0.077734375
2 0.910546875 0.52421875 0.01875 0.0796875
2 0.943359375 0.470703125 0.015625 0.075
2 0.751953125 0.478515625 0.020703125 0.068359375
2 0.791796875 0.66015625 0.026171875 0.09453125
0 0.261328125 0.35078125 0.00546875 0.012890625
3 0.8796875 0.24453125 0.008984375 0.04375