2 0.26640625 0.234765625 0.009765625 0.04921875
2 0.355859375 0.208984375 0.0125 0.047265625
2 0.268359375 0.3328125 0.0140625 0.0546875
2 0.1234375 0.371875 0.014453125 0.0546875
2 0.342578125 0.310546875 0.010546875 0.058203125
2 0.125390625 0.420703125 0.015625 0.073046875
2 0.6375 0.25 0.009375 0.051953125
2 0.404296875 0.2875 0.009765625 0.052734375
1 0.87265625 0.321875 0.012890625 0.058203125
2 0.481640625 0.34921875 0.012890625 0.06484375
2 0.509765625 0.277734375 0.0109375 0.053515625
2 0.4484375 0.358203125 0.0125 0.059375
2 0.664453125 0.355859375 0.018359375 0.06015625
2 0.167578125 0.3171875 0.0171875 0.056640625
3 0.276171875 0.379296875 0.014453125 0.071484375
2 0.13828125 0.4625 0.016015625 0.078515625
2 0.463671875 0.4609375 0.019921875 0.07421875
2 0.314453125 0.389453125 0.018359375 0.065625
2 0.826171875 0.46796875 0.0171875 0.075
2 0.17890625 0.490625 0.019140625 0.072265625
2 0.158203125 0.59765625 0.029296875 0.091796875
2 0.489453125 0.7515625 0.026953125 0.102734375
3 0.1953125 0.20390625 0.012109375 0.05
0 0.661328125 0.367578125 0.005859375 0.0109375