2 0.222265625 0.410546875 0.0078125 0.043359375
2 0.190234375 0.37578125 0.012109375 0.042578125
2 0.882421875 0.453515625 0.016015625 0.04921875
2 0.1171875 0.487109375 0.015625 0.05390625
2 0.412109375 0.351953125 0.008203125 0.0390625
2 0.25703125 0.395703125 0.006640625 0.043359375
2 0.228515625 0.484375 0.013671875 0.059375
2 0.430078125 0.423046875 0.010546875 0.051953125
2 0.60390625 0.310546875 0.0078125 0.03984375
1 0.796875 0.363671875 0.009375 0.043359375
3 0.32578125 0.42265625 0.012890625 0.04921875
2 0.25390625 0.49296875 0.008984375 0.0546875
2 0.419140625 0.42734375 0.0078125 0.04921875
2 0.126171875 0.540234375 0.016015625 0.06953125
2 0.190234375 0.64765625 0.015234375 0.073046875
2 0.45234375 0.66328125 0.0140625 0.075
2 0.1734375 0.565234375 0.011328125 0.065625
2 0.403515625 0.508203125 0.0171875 0.057421875
2 0.117578125 0.469921875 0.01484375 0.053515625
2 0.12890625 0.39375 0.014453125 0.05078125
2 0.202734375 0.334765625 0.012890625 0.044921875
3 0.1328125 0.302734375 0.011328125 0.040625
2 0.325390625 0.300390625 0.009375 0.035546875
0 0.84453125 0.465625 0.005078125 0.010546875