2 0.677734375 0.38984375 0.012890625 0.040625
2 0.601953125 0.3671875 0.014453125 0.032421875
2 0.769921875 0.44921875 0.0171875 0.04609375
2 0.738671875 0.4328125 0.011328125 0.0546875
2 0.803515625 0.45078125 0.013671875 0.042578125
2 0.715234375 0.4359375 0.009765625 0.048046875
2 0.637890625 0.405078125 0.0140625 0.043359375
2 0.543359375 0.414453125 0.008203125 0.03984375
2 0.724609375 0.454296875 0.0109375 0.047265625
2 0.530859375 0.4578125 0.0125 0.05078125
2 0.274609375 0.566015625 0.0125 0.067578125
2 0.345703125 0.426953125 0.008984375 0.048046875
2 0.265625 0.565234375 0.010546875 0.067578125
2 0.596484375 0.4734375 0.0140625 0.0546875
2 0.76875 0.501953125 0.009375 0.05546875
2 0.30390625 0.428515625 0.015234375 0.05
2 0.459765625 0.474609375 0.017578125 0.056640625
2 0.41953125 0.559375 0.012890625 0.0703125
0 0.76015625 0.36484375 0.005859375 0.01171875
1 0.81328125 0.368359375 0.01640625 0.042578125
2 0.7703125 0.434765625 0.01796875 0.038671875
2 0.72265625 0.410546875 0.012109375 0.04296875
2 0.544140625 0.391796875 0.012890625 0.0375
3 0.221484375 0.3171875 0.0078125 0.03359375