2 0.469921875 0.3109375 0.008984375 0.033203125
2 0.40859375 0.3 0.0078125 0.0296875
2 0.54921875 0.306640625 0.01328125 0.03359375
2 0.487890625 0.316015625 0.009765625 0.032421875
3 0.4703125 0.35546875 0.012890625 0.041015625
2 0.506640625 0.362109375 0.013671875 0.040625
2 0.31640625 0.4375 0.01875 0.0546875
2 0.5234375 0.330078125 0.0140625 0.03359375
2 0.276171875 0.32734375 0.013671875 0.0359375
2 0.658203125 0.3546875 0.014453125 0.0390625
2 0.712109375 0.37734375 0.015234375 0.0453125
2 0.4109375 0.355078125 0.010546875 0.037890625
2 0.705078125 0.342578125 0.014453125 0.04453125
1 0.923046875 0.360546875 0.01875 0.0453125
2 0.699609375 0.471484375 0.021484375 0.05
2 0.61796875 0.405078125 0.018359375 0.04921875
2 0.537109375 0.3796875 0.014453125 0.04453125
2 0.217578125 0.428125 0.0171875 0.058203125
3 0.0171875 0.824609375 0.034375 0.10234375
2 0.262109375 0.516015625 0.023828125 0.05078125
2 0.22578125 0.6609375 0.030859375 0.0890625
0 0.563671875 0.318359375 0.005078125 0.012109375
3 0.618359375 0.279296875 0.0109375 0.036328125
2 0.51015625 0.3046875 0.01640625 0.03515625
2 0.302734375 0.317578125 0.0109375 0.041015625