2 0.322265625 0.38984375 0.012890625 0.040625
2 0.398046875 0.3671875 0.014453125 0.032421875
2 0.230078125 0.44921875 0.0171875 0.04609375
2 0.261328125 0.4328125 0.011328125 0.0546875
2 0.196484375 0.45078125 0.013671875 0.042578125
2 0.284765625 0.4359375 0.009765625 0.048046875
2 0.362109375 0.405078125 0.0140625 0.043359375
2 0.456640625 0.414453125 0.008203125 0.03984375
2 0.275390625 0.454296875 0.0109375 0.047265625
2 0.469140625 0.4578125 0.0125 0.05078125
2 0.725390625 0.566015625 0.0125 0.067578125
2 0.654296875 0.426953125 0.008984375 0.048046875
2 0.734375 0.565234375 0.010546875 0.067578125
2 0.403515625 0.4734375 0.0140625 0.0546875
2 0.23125 0.501953125 0.009375 0.05546875
2 0.69609375 0.428515625 0.015234375 0.05
2 0.540234375 0.474609375 0.017578125 0.056640625
2 0.58046875 0.559375 0.012890625 0.0703125
0 0.23984375 0.36484375 0.005859375 0.01171875
1 0.18671875 0.368359375 0.01640625 0.042578125
2 0.2296875 0.434765625 0.01796875 0.038671875
2 0.27734375 0.410546875 0.012109375 0.04296875
2 0.455859375 0.391796875 0.012890625 0.0375
3 0.778515625 0.3171875 0.0078125 0.03359375