2 0.348046875 0.29765625 0.006640625 0.026953125
2 0.502734375 0.295703125 0.008984375 0.037890625
2 0.567578125 0.38671875 0.009765625 0.04921875
2 0.623046875 0.29765625 0.0078125 0.032421875
3 0.448828125 0.35703125 0.00625 0.043359375
2 0.543359375 0.358984375 0.0078125 0.0453125
2 0.390234375 0.321875 0.009375 0.043359375
2 0.709765625 0.3328125 0.008984375 0.0453125
2 0.557421875 0.329296875 0.006640625 0.043359375
2 0.422265625 0.38671875 0.009375 0.0453125
2 0.312109375 0.3703125 0.007421875 0.048046875
2 0.27421875 0.36015625 0.0078125 0.05
2 0.251171875 0.408984375 0.010546875 0.056640625
2 0.574609375 0.4015625 0.014453125 0.05078125
2 0.775390625 0.391015625 0.009765625 0.052734375
2 0.2671875 0.503515625 0.014453125 0.0703125
2 0.7765625 0.50546875 0.0125 0.062890625
2 0.295703125 0.68515625 0.030078125 0.092578125
3 0.6828125 0.280078125 0.009765625 0.03359375
0 0.67109375 0.33671875 0.0046875 0.010546875
2 0.42109375 0.28046875 0.009375 0.03984375