2 0.487890625 0.374609375 0.008984375 0.032421875
3 0.512109375 0.421484375 0.008203125 0.037109375
2 0.544140625 0.38984375 0.008984375 0.0390625
2 0.265625 0.46015625 0.011328125 0.048046875
2 0.271484375 0.432421875 0.010546875 0.046484375
2 0.3390625 0.419140625 0.009375 0.043359375
2 0.2484375 0.453515625 0.011328125 0.046484375
2 0.723828125 0.4390625 0.009765625 0.046484375
2 0.3546875 0.407421875 0.009375 0.042578125
2 0.4359375 0.41015625 0.010546875 0.040625
2 0.769921875 0.437109375 0.0078125 0.046484375
2 0.62890625 0.483984375 0.0109375 0.052734375
2 0.423828125 0.484375 0.0125 0.048046875
2 0.584765625 0.47421875 0.009375 0.05
2 0.440234375 0.483984375 0.0125 0.04921875
2 0.4625 0.475 0.017578125 0.042578125
3 0.05546875 0.560546875 0.022265625 0.0578125
2 0.340625 0.525390625 0.011328125 0.0546875
2 0.809375 0.57578125 0.021875 0.062890625
2 0.7328125 0.60703125 0.015625 0.071484375
2 0.608203125 0.5796875 0.01875 0.06484375
1 0.22265625 0.374609375 0.011328125 0.0421875
2 0.251171875 0.4359375 0.010546875 0.042578125
0 0.403515625 0.487109375 0.007421875 0.013671875
3 0.816015625 0.330859375 0.010546875 0.033203125