2 0.512109375 0.374609375 0.008984375 0.032421875
3 0.487890625 0.421484375 0.008203125 0.037109375
2 0.455859375 0.38984375 0.008984375 0.0390625
2 0.734375 0.46015625 0.011328125 0.048046875
2 0.728515625 0.432421875 0.010546875 0.046484375
2 0.6609375 0.419140625 0.009375 0.043359375
2 0.7515625 0.453515625 0.011328125 0.046484375
2 0.276171875 0.4390625 0.009765625 0.046484375
2 0.6453125 0.407421875 0.009375 0.042578125
2 0.5640625 0.41015625 0.010546875 0.040625
2 0.230078125 0.437109375 0.0078125 0.046484375
2 0.37109375 0.483984375 0.0109375 0.052734375
2 0.576171875 0.484375 0.0125 0.048046875
2 0.415234375 0.47421875 0.009375 0.05
2 0.559765625 0.483984375 0.0125 0.04921875
2 0.5375 0.475 0.017578125 0.042578125
3 0.94453125 0.560546875 0.022265625 0.0578125
2 0.659375 0.525390625 0.011328125 0.0546875
2 0.190625 0.57578125 0.021875 0.062890625
2 0.2671875 0.60703125 0.015625 0.071484375
2 0.391796875 0.5796875 0.01875 0.06484375
1 0.77734375 0.374609375 0.011328125 0.0421875
2 0.748828125 0.4359375 0.010546875 0.042578125
0 0.596484375 0.487109375 0.007421875 0.013671875
3 0.183984375 0.330859375 0.010546875 0.033203125