2 0.530078125 0.3109375 0.008984375 0.033203125
2 0.59140625 0.3 0.0078125 0.0296875
2 0.45078125 0.306640625 0.01328125 0.03359375
2 0.512109375 0.316015625 0.009765625 0.032421875
3 0.5296875 0.35546875 0.012890625 0.041015625
2 0.493359375 0.362109375 0.013671875 0.040625
2 0.68359375 0.4375 0.01875 0.0546875
2 0.4765625 0.330078125 0.0140625 0.03359375
2 0.723828125 0.32734375 0.013671875 0.0359375
2 0.341796875 0.3546875 0.014453125 0.0390625
2 0.287890625 0.37734375 0.015234375 0.0453125
2 0.5890625 0.355078125 0.010546875 0.037890625
2 0.294921875 0.342578125 0.014453125 0.04453125
1 0.076953125 0.360546875 0.01875 0.0453125
2 0.300390625 0.471484375 0.021484375 0.05
2 0.38203125 0.405078125 0.018359375 0.04921875
2 0.462890625 0.3796875 0.014453125 0.04453125
2 0.782421875 0.428125 0.0171875 0.058203125
3 0.9828125 0.824609375 0.034375 0.10234375
2 0.737890625 0.516015625 0.023828125 0.05078125
2 0.77421875 0.6609375 0.030859375 0.0890625
0 0.436328125 0.318359375 0.005078125 0.012109375
3 0.381640625 0.279296875 0.0109375 0.036328125
2 0.48984375 0.3046875 0.01640625 0.03515625
2 0.697265625 0.317578125 0.0109375 0.041015625