3 0.289453125 0.2828125 0.00625 0.0359375
2 0.583203125 0.287890625 0.008203125 0.033203125
2 0.542578125 0.32578125 0.009375 0.04453125
2 0.401953125 0.34453125 0.007421875 0.037109375
2 0.358984375 0.306640625 0.008203125 0.03515625
2 0.40625 0.384375 0.009375 0.05
2 0.494921875 0.312109375 0.009765625 0.03515625
2 0.6390625 0.315234375 0.010546875 0.037890625
2 0.547265625 0.3453125 0.0125 0.042578125
2 0.27578125 0.356640625 0.009765625 0.046484375
3 0.516015625 0.362109375 0.009375 0.042578125
2 0.645703125 0.382421875 0.009765625 0.048046875
2 0.545703125 0.430078125 0.010546875 0.052734375
2 0.6765625 0.375 0.011328125 0.05
2 0.706640625 0.497265625 0.010546875 0.068359375
2 0.389453125 0.458203125 0.012109375 0.0609375
2 0.358984375 0.41796875 0.015625 0.0546875
3 0.930078125 0.759765625 0.038671875 0.11015625
2 0.833984375 0.712890625 0.019921875 0.098046875
2 0.75390625 0.555078125 0.012890625 0.071484375
2 0.72890625 0.4375 0.015234375 0.0640625
2 0.18984375 0.415625 0.0109375 0.05546875
2 0.226953125 0.594140625 0.019921875 0.082421875
0 0.284375 0.377734375 0.0046875 0.010546875