2 0.483203125 0.29921875 0.012109375 0.031640625
3 0.7140625 0.28828125 0.009375 0.036328125
2 0.580859375 0.310546875 0.009375 0.028515625
2 0.608203125 0.315625 0.015625 0.033203125
3 0.5203125 0.3578125 0.008203125 0.041796875
2 0.426171875 0.3234375 0.009375 0.037890625
2 0.59921875 0.334765625 0.012109375 0.03984375
2 0.563671875 0.372265625 0.0125 0.046484375
2 0.406640625 0.323046875 0.008203125 0.040625
2 0.69375 0.3515625 0.010546875 0.0453125
2 0.48046875 0.366015625 0.009765625 0.043359375
1 0.01875 0.368359375 0.010546875 0.05
2 0.81015625 0.36171875 0.009765625 0.047265625
2 0.794921875 0.43046875 0.015625 0.05546875
2 0.353515625 0.448046875 0.012109375 0.059375
2 0.56796875 0.405078125 0.012109375 0.05078125
2 0.586328125 0.416796875 0.0140625 0.05546875
2 0.314453125 0.425 0.011328125 0.059375
2 0.328515625 0.5078125 0.017578125 0.062109375
2 0.726953125 0.593359375 0.019140625 0.0796875
2 0.169921875 0.693359375 0.020703125 0.096484375
2 0.600390625 0.31484375 0.0109375 0.034375
0 0.588671875 0.305078125 0.0046875 0.0078125
2 0.508984375 0.296484375 0.010546875 0.03515625
3 0.126953125 0.769140625 0.030859375 0.10859375